Index,Window,DC Type,Cost of Final RE,Call Count,Max Depth,Running Time,Precision,Recall,F1,RE
10,32,1,23,1,1,6.425662,1.000000,1.000000,1.000000,0?(0010+10*1)(10*)?
12,32,1,73,6,3,9.106109,0.625000,0.833333,0.714286,((111?(01*)*)&(((0?0+1)(0+1))*))+(((((0(0+1)*+1)(1*1+0)(0+1))&(((11+0)*1)?0*1?))+(0))&((((11)*1)?01*)*))
5,32,1,56,4,2,1.678694,0.562500,1.000000,0.720000,((0*11*0(11+0*))&((1*0)?(0(0?1)*)?0?))+(((((0+1)1+0)10?)*)&((1*01+0)*))
17,32,1,44,4,2,1.549987,0.625000,0.769231,0.689655,((1?0(0*1)*0?)&((0(10?)*0+1)*+0))+(((01*)*10*)&((00+1)*))
13,32,1,48,3,2,2.588143,0.625000,0.625000,0.625000,((1?(0((0(0+1))*1)*0*)?)&(((0+1)(1?0)?(11+0))*1*+0))+(((1*0)?0)*)
9,32,1,22,1,1,3.575579,1.000000,1.000000,1.000000,0?10*(1(101+0)+0)+1*
4,32,1,58,4,2,7.760188,0.687500,0.846154,0.758621,((((1(0+1))*(01*+1))?10*)&(((0+1)(00+1)+1)*))+((1*0(1*11+0)*)&(((11+0)0+1)*+0))
15,32,1,43,4,2,8.722908,0.687500,0.846154,0.758621,(((10*)*1+(01?)*)&(0*1*0(0+1)(10*)?))+(1*0(00+11))
8,32,1,43,3,2,2.401692,0.687500,0.785714,0.733333,((((0(0+1))*0)?(11(0+1)*+0))&(((1*1+0)(11+0))*(01?)*))+(10)
6,32,1,47,3,2,9.258395,0.937500,0.937500,0.937500,((0*1((00+1)(10*)?)?)&((1*((11+0)1+0))*))+(1*0((01)?0+1*1))
20,32,1,21,1,1,2.081033,1.000000,0.888889,0.941177,((1*01*)?(0+1)10?1*)?
14,32,1,59,4,2,1.547184,0.500000,0.800000,0.615385,((((0*10*1)*+1)0?)&(0?(0?1(10*)*)?))+((((11)?0((0+1)01?)?)*)&(((1*0)*0+01)*))
2,32,1,40,3,2,9.582724,0.875000,1.000000,0.933333,((1?0*110*1?)&(0*(10?)*0*))+(0?(0*1+10*)?)
7,32,1,22,1,1,6.127211,1.000000,1.000000,1.000000,(((1*0+11)0)*+0)(1(10?)?)?
19,32,1,47,3,2,1.23397,0.875000,0.875000,0.875000,((((1*0)*0+1)(0+1)1*)&((0(10)*0(0+1)+1)*0?))+(10*1*01?)
18,32,1,32,2,2,0.956534,1.000000,1.000000,1.000000,(1*(0((01*)*0+1)+1)0?)&((0*((00+1)0+1))*)
1,32,1,49,3,2,13.739368,0.437500,0.636364,0.518519,(((1*(11+0)01?+0)*)&((10)?(((11+0)(0(10?)*+1))*+0)))+(01(0+1)1)
16,32,1,48,4,3,1.492774,0.375000,0.500000,0.428571,(((1?01*0)*1?1?)&((0+1)1?(01*)*))+((0?(0+1)(01*)?)&((0*1)*+0))
3,32,1,60,4,2,1.553786,0.750000,0.750000,0.750000,(((10((0*1)*1)?)*0*)&((0?(0+1)(1(0+1)1*+0))*))+(((11)*(0*1(0+1)0)?)&(((11+0)1?)*))
11,32,1,56,4,2,7.502937,0.312500,0.555556,0.400000,((((1(0*+1))?01*)?)&((1(1(0+1)*+0)+0)*))+((((0+1)1?0(00+1))*1?)&((0(0+1)*0+1)*))
10,31,1,23,1,1,6.828367,1.000000,1.000000,1.000000,0?(0010+10*1)(10*)?
12,31,1,42,3,2,1.254181,0.625000,0.833333,0.714286,(((10?1+0)((0+1)(0+1))*)&((1*0)*((11)*+1)))+((11+0)001*)
5,31,1,28,3,2,1.184866,0.812500,0.684211,0.742857,(1*0?(0+1)0)+(((0*1)*0)?(01?1)*)
17,31,1,31,2,2,0.724452,0.875000,0.777778,0.823529,(((01*+1)01*)*(0+1))+((10*+01*)01?)
13,31,1,40,3,2,1.213097,0.562500,0.818182,0.666667,((0*(1(0*0+1))*)&((1?0(11+0)1*+0)*))+(10?(00+1)*)
9,31,1,22,1,1,3.485497,1.000000,1.000000,1.000000,0?10*(1(101+0)+0)+1*
4,31,1,45,3,2,7.326813,0.625000,0.909091,0.740741,(((0*1)*1((0+1)0)?1?)&(((1(0+1))*+1)0?(01*)?))+(((10?)*0)?0)
15,31,1,32,2,2,7.726468,0.687500,0.846154,0.758621,(((0*+1*)(0+1))?0(0+1))+((1*01+00)10*)
8,31,1,53,3,2,11.054496,1.000000,0.888889,0.941177,(((11(0+1)*+010)(0+1))&((1*(111+0)+01)*))+(((0+1)(1((0+1)0+1)1?+0))*)
6,31,1,31,2,2,7.01504,0.937500,1.000000,0.967742,((0*1+1*)(0((01)?0+1*1))?)+(0*111)
20,31,1,21,1,1,2.0547,1.000000,0.888889,0.941177,((1*01*)?(0+1)10?1*)?
14,31,1,47,4,3,1.575878,0.750000,0.857143,0.800000,(((0*+1)(11(01*)*)?)&(1?(1(0*1+0)+0)*))+(((((11)*+1)0)*)&(((0+1)1+0)*))
2,31,1,32,2,2,9.006311,0.937500,1.000000,0.967742,(((0*+1)(01)?1+0)(10*)?)+(1(1101+0*))
7,31,1,22,1,1,6.075008,1.000000,1.000000,1.000000,(((1*0+11)0)*+0)(1(10?)?)?
19,31,1,48,4,2,1.593499,1.000000,0.888889,0.941177,((1*0*(01)*)&((00+1)(0+1)*(0+1)))+(((0(0+1)(11+0))*)&(0*1(0+1)0*))
18,31,1,50,4,2,1.604429,1.000000,1.000000,1.000000,((((00+1)*0+1)1?0?)&((0*((00+1)0+1))*))+((0(01*)*+1*)&(((00+1)0+1)*))
1,31,1,68,4,2,9.350571,0.687500,0.785714,0.733333,((((1*1+0)(11+0)1+0)*)&(((0+1)(10*)*+0*1)0?))+(((((1(0+1)+0)(10)?+1)01?)*)&(0?1(10*)*0*))
16,31,1,61,7,3,2.757882,0.500000,0.888889,0.640000,(((10*1?)?1+(01?)*)&((0*10)?(0+1)1?0*))+((((10?11+0)*)+(100))&((0*1)*10*))
3,31,1,37,3,2,1.230484,0.750000,0.666667,0.705882,((((0+1)(1(0+1)1?+0))*)&(1?(10?1+0)*))+((0(011)*)*)
11,31,1,61,4,2,11.056772,0.187500,0.750000,0.300000,(((0?1)*0(0+1)(0+1)1?)&((1(0*+1))?0(0?1)*))+((((0+1)(0+1)0)?1?0?)&(1*((0(0+1))*+0)))
10,30,1,23,1,1,6.83292,1.000000,1.000000,1.000000,0?(0010+10*1)(10?)?
12,30,1,75,6,3,2.294428,0.187500,0.375000,0.250000,(((1(0+1)(0+1)+0)*)&((((1*0)*10*1*)&((10*)*01*))+(0*1*0)))+((((0(1?01*)*0+1)1)*)&((0+1)(1(0+1)+0)*1))
5,30,1,48,3,2,1.293164,0.750000,0.857143,0.800000,((11*0*0+0(10?)*)&((0?1(0+1)(0+1)+1)*0?))+((1*0)*101*)
17,30,1,20,3,2,1.10931,1.000000,1.000000,1.000000,(1?0((1?(0+1)(0+1))*+0))+(1)
13,30,1,40,3,2,1.287597,0.812500,0.928571,0.866667,(((1*0)*(11+0))&((1?0)*1*0*))+((0+1)(01*(01*0)?)?)
9,30,1,22,1,1,3.513553,1.000000,1.000000,1.000000,0?10*(1(101+0)+0)+1*
4,30,1,46,3,2,7.326914,0.875000,0.933333,0.903226,(((1?(10*1+0))*(11+0))&(1*0*(000+1)*))+((1(0+1))?01*+1)
15,30,1,50,4,2,8.364156,0.812500,0.590909,0.684211,((((1?0)*1*0+01)(0+1))&((0*(00+1))*))+(((1*+0)0(0+1)(0+1))&(((0+1)0+1)*))
8,30,1,45,3,2,8.350013,0.750000,0.857143,0.800000,((((0+1)(1(0+1)(01?)?+0))*)&((0*1)?(10*)*(00)*))+(111(0+1)*)
6,30,1,31,2,2,6.908074,0.937500,1.000000,0.967742,((0*1+1*)(0((01)?0+1*1))?)+(0*111)
20,30,1,21,1,1,1.916761,1.000000,0.888889,0.941177,((1*01*)?(0+1)10?1*)?
14,30,1,47,3,2,1.207283,0.750000,0.923077,0.827586,((((00+1)10(0+1)*+0)*)&((1?(10(01*)*+0))*))+((001)?1(10?)*)
2,30,1,42,3,2,9.004203,0.875000,1.000000,0.933333,(((0*+1)1?10*)&((0?(10*+0*1))*))+(1?0?(110?1?)?)
7,30,1,35,2,2,4.622825,0.812500,1.000000,0.896552,(((1*00)*+0)(110)*1?1?)&(((0+1)(0+1)0?)*+0)
19,30,1,22,1,1,5.372043,1.000000,1.000000,1.000000,(((01)*0+1)0+1)1*0*(0+1)
18,30,1,43,3,2,1.174147,1.000000,1.000000,1.000000,((((00+1)0+1)*)&(1*(0(((01*)*+1)0+1)?)?))+((11+0)*0(0+1)0)
1,30,1,64,4,2,8.137671,0.625000,0.555556,0.588235,((((1(00+1)+01)(0+1)?)*)&((1(0+1)(0+1)1?+0)*))+((((1*0)*01+0)((10)*0)?)&((1*001?+0)*))
16,30,1,51,4,2,1.626737,0.437500,0.700000,0.538462,((1?(0(1(0+1))?)*(0+1))&((((0+1)(0+1))*0+0*)1*))+((0?101*)&((010?+1)*))
3,30,1,65,4,2,4.227008,0.687500,0.687500,0.687500,((((0+1)(0+1)(01*+1))*(0+1)0?)&((10?1)*((1(0+1))?0)*))+((((00+1)0((0+1)1)*)*)&((101*)*0*))
11,30,1,51,3,2,13.024916,0.187500,1.000000,0.315789,(((0(11+0))*(10?)?)&(0?((00+1)(0+1)+1*)))+((1(10+0*)+0)(0?10?1)*)
10,29,1,23,1,1,6.822835,1.000000,1.000000,1.000000,0?(0010+10*1)(10*)?
12,29,1,63,4,2,2.026177,0.375000,0.750000,0.500000,(((1(0+1)(0+1)+0)*)&((((10)?(11+0))*+1*)01*))+((((0(1?01*)*0+1)1)*)&((0+1)(1(0+1)+0)*1))
5,29,1,44,3,2,1.512572,0.687500,0.916667,0.785714,(((10*)*0+0(10?)*)&((01+1*)(0+1)?01*0?))+(0*101*)
17,29,1,20,3,2,1.268783,1.000000,1.000000,1.000000,(1?0((1?(0+1)(0+1))*+0))+(1)
13,29,1,40,3,2,1.20173,0.812500,0.928571,0.866667,(((1*0)*(11+0))&((1?0)*1*0*))+((0+1)(01*(01*0)*)?)
9,29,1,22,1,1,3.460453,1.000000,1.000000,1.000000,0?10*(1(101+0)+0)+1*
4,29,1,56,4,2,7.654101,0.687500,0.687500,0.687500,((0?(1((0+1)0+1)*+0))&((1*0)?0*(((0+1)1)*+1)))+(((1?0)*(11+0)0*)&(((0+1)01*)*))
15,29,1,48,3,2,7.638493,0.812500,0.928571,0.866667,((1*01*0*1+001?0*)&(((0?0)?1)*0*))+(1*00(101+0))
8,29,1,45,3,2,8.224634,0.750000,0.857143,0.800000,((((0+1)(1(0+1)(01?)?+0))*)&((0*1)?(10*)*(00)*))+(111(0+1)*)
6,29,1,31,2,2,6.901548,0.937500,1.000000,0.967742,((0*1+1*)(0((01)?0+1*1))?)+(0*111)
20,29,1,28,2,2,1.912813,1.000000,0.888889,0.941177,(((0+1)1)*(1*(0+1)1(0+1))*)+(1001)
14,29,1,47,3,2,1.240094,0.750000,0.923077,0.827586,((((00+1)10(0+1)*+0)*)&((1?(10(01*)*+0))*))+((001)?1(10?)*)
2,29,1,42,3,2,9.110728,0.875000,1.000000,0.933333,(((0*+1)1?10*)&((0?(0*1+10*))*))+((1?0?11)?0?1?)
7,29,1,35,2,2,4.654858,0.812500,1.000000,0.896552,(((1*00)*+0)(110)*1?1?)&(((0+1)(0+1)0?)*+0)
19,29,1,30,2,2,1.647098,1.000000,1.000000,1.000000,(((01)*00+1)1*0*(0+1))+(10101)
18,29,1,43,3,2,1.242372,1.000000,1.000000,1.000000,((((00+1)0+1)*)&(1*(0(((01*)*+1)0+1)?)?))+((11+0)*0(0+1)0)
1,29,1,64,4,2,8.225409,0.625000,0.555556,0.588235,((((1(00+1)+01)(0+1)?)*)&((1(0+1)(0+1)1?+0)*))+((((1*0)*01+0)((10)?0)?)&((1*001?+0)*))
16,29,1,51,4,2,1.595527,0.437500,0.700000,0.538462,((1?(0(1(0+1))?)*(0+1))&((((0+1)(0+1))*0+0*)1*))+((0?101*)&((010?+1)*))
3,29,1,34,3,2,1.254171,0.750000,0.705882,0.727273,((((1?1+0)(((0+1)0+1)1+0))*)&(1?(10?1+0)*))+(0*)
11,29,1,51,3,2,13.003965,0.187500,1.000000,0.315789,(((0(11+0))*(10?)?)&(0?((00+1)(0+1)+1*)))+((1(10+0*)+0)(0?10?1)*)
10,28,1,34,2,2,4.220978,0.750000,0.923077,0.827586,((0?10*+0)((0+1)10+1)1?)&((1?(10*1+0))*)
12,28,1,63,4,2,2.026376,0.375000,0.750000,0.500000,(((1(0+1)(0+1)+0)*)&((((10)?(11+0))*+1*)01*))+((((0(1?01*)*0+1)1)*)&((0+1)(1(0+1)+0)*1))
5,28,1,44,3,2,1.460725,0.687500,0.916667,0.785714,(((10*)*0+0(10?)*)&((01+1*)(0+1)?01*0?))+(0*101*)
17,28,1,20,3,2,1.281438,1.000000,1.000000,1.000000,(1?0((1?(0+1)(0+1))*+0))+(1)
13,28,1,40,3,2,1.220708,0.812500,0.928571,0.866667,(((1*0)*(11+0))&((1?0)*1*0*))+((0+1)(01*(01*0)?)?)
9,28,1,22,1,1,3.473794,1.000000,1.000000,1.000000,0?10*(1(101+0)+0)+1*
4,28,1,56,4,2,7.654399,0.687500,0.916667,0.785714,((0?(1((0+1)0+1)*+0))&(((1(0+1))*+1)0?(01*)?))+(((1?0)*(11+0)0*)&(((0+1)01*)*))
15,28,1,39,3,2,2.471649,0.812500,0.812500,0.812500,((1*01?0?1+0(01?)*)&(((0+1)(0+1)+1)*))+(1*000)
8,28,1,45,3,2,8.165041,0.750000,0.857143,0.800000,((((0+1)(1(0+1)(01*)?+0))*)&((0*1)?(10*)*(00)*))+(111(0+1)*)
6,28,1,31,2,2,6.349743,0.937500,1.000000,0.967742,((0*1+1*)(0((01)?0+1*1))?)+(0*111)
20,28,1,36,3,2,1.680958,1.000000,0.842105,0.914286,((((0+1)(01)*1(1?0)*1*)?)&((0?10?)*))+(1001)
14,28,1,47,3,2,1.140835,0.750000,0.923077,0.827586,((((00+1)10(0+1)*+0)*)&((1?(10(01*)*+0))*))+((001)?1(10?)*)
2,28,1,42,3,2,9.178079,0.875000,1.000000,0.933333,(((0*+1)1?10*)&((0?(0*1+10*))*))+(1?0?(1(10*)?1)?)
7,28,1,35,2,2,4.692749,0.812500,1.000000,0.896552,(((1*00)*+0)(110)*1?1?)&(((0+1)(0+1)0?)*+0)
19,28,1,30,2,2,1.634772,1.000000,1.000000,1.000000,(((01)?00+1)1*0*(0+1))+(10101)
18,28,1,43,3,2,1.248259,1.000000,1.000000,1.000000,((((00+1)0+1)*)&(1*(0(((01*)*+1)0+1)?)?))+((11+0)*0(0+1)0)
1,28,1,64,4,2,13.375867,0.625000,0.555556,0.588235,((((1(00+1)+01)(0+1)?)*)&((11?(0+1)(0+1)+0)*))+((((1*0)*01+0)((10)*0)?)&((1*001?+0)*))
16,28,1,51,4,2,1.472292,0.562500,0.642857,0.600000,((1*(0(1(0+1))?)*(0+1))&((((0+1)(0+1))*0+0*)1*))+((0?101*)&((010?+1)*))
3,28,1,34,3,2,1.256062,0.750000,0.705882,0.727273,((((1?1+0)(((0+1)0+1)1+0))*)&(1?(10?1+0)*))+(0*)
11,28,1,51,3,2,12.968058,0.187500,1.000000,0.315789,(((0(11+0))*(10?)?)&(0?((00+1)(0+1)+1*)))+((1(10+0*)+0)(0?10?1)*)
10,27,1,34,2,2,4.130942,0.750000,0.923077,0.827586,((0?10*+0)((0+1)10+1)1?)&((1?(10*1+0))*)
12,27,1,30,2,2,0.838546,0.687500,0.916667,0.785714,((11+0)((0+1)(0+1))*)+(1?(0+1)0(01*+1))
5,27,1,44,3,2,1.45032,0.687500,0.916667,0.785714,(((10*)*0+0(10?)*)&((01+1*)(0+1)?01*0?))+(0*101*)
17,27,1,20,3,2,1.270212,1.000000,1.000000,1.000000,(1?0((1?(0+1)(0+1))*+0))+(1)
13,27,1,40,3,2,1.221031,0.812500,0.928571,0.866667,(((1*0)*(11+0))&((1?0)*1*0*))+((0+1)(01*(01*0)?)?)
9,27,1,22,1,1,3.440302,1.000000,1.000000,1.000000,0?10*(1(101+0)+0)+1*
4,27,1,55,4,2,8.306973,0.937500,0.789474,0.857143,((1?(1(10*)*+00))&(((0+1)(0+1)+0)*+1))+(((10)?(11+0)(0*+1)(11)*)&((1*01*)*))
15,27,1,44,3,2,2.426515,0.812500,0.928571,0.866667,((1*01?0*1+0(01?)*)&(((0?0)?1)*((0+1)0)*))+(1*000)
8,27,1,45,3,2,7.943366,0.750000,0.857143,0.800000,((((0+1)(1(0+1)(01*)?+0))*)&((0*1)?(10*)*(00)*))+(111(0+1)*)
6,27,1,31,2,2,6.434449,0.937500,1.000000,0.967742,((0*1+1*)(0((01)?0+1*1))?)+(0*111)
20,27,1,36,3,2,1.425065,1.000000,0.941176,0.969697,(((0+1)(01)*1(01?)*1*)&((0?10?)*))+((1001)?)
14,27,1,51,4,2,1.809505,0.750000,0.923077,0.827586,((((0(11)?0+1)(10)?)*)&(((11+0)*+1)(10*(0+1))?))+((1(10*)*+0)&((10*)*0))
2,27,1,42,3,2,9.078081,0.875000,1.000000,0.933333,(((0*+1)1?10*)&((0?(0*1+10*))*))+(1?0?(1(10?)?1)?)
7,27,1,35,2,2,4.61937,0.812500,1.000000,0.896552,(((1*00)*+0)(110)*1?1?)&(((0+1)(0+1)0?)*+0)
19,27,1,30,2,2,1.631517,1.000000,1.000000,1.000000,(((01)?00+1)1*0*(0+1))+(10101)
18,27,1,20,1,1,1.481338,1.000000,1.000000,1.000000,1*(0(0(0+1)*0+1)+1)0?
1,27,1,64,4,2,13.220439,0.812500,0.619048,0.702703,((((1(00+1)+01)(0+1)?)*)&((11*(0+1)(0+1)+0)*))+((((1*0)*01+0)((10)?0)?)&((1*001?+0)*))
16,27,1,47,3,2,1.348185,0.625000,0.588235,0.606061,(((1(0+1)*+0)1?0*)&((1?01*0*)?(0+1)1?))+(0(1?0(0+1)1*)*)
3,27,1,38,3,2,1.197057,0.750000,0.666667,0.705882,((((1?1+0)(10*1+0))*)&(1?(10?1+0)*))+((0(011)*)*)
11,27,1,51,3,2,13.039874,0.187500,1.000000,0.315789,(((0(11+0))*(10?)?)&(0?((00+1)(0+1)+1*)))+((1(10+0*)+0)(0?10?1)*)
10,26,1,29,2,2,2.180783,0.750000,0.923077,0.827586,(0?(10*1*1+00)(10)?)&((0*10?)*)
12,26,1,30,2,2,0.778073,0.687500,0.916667,0.785714,((11+0)((0+1)(0+1))*)+(1?(0+1)0(01*+1))
5,26,1,44,3,2,1.520244,0.687500,0.916667,0.785714,(((10*)*0+0(10?)*)&((01+1*)(0+1)?01*0?))+(0*101*)
17,26,1,20,3,2,1.217235,1.000000,1.000000,1.000000,(1?0((1?(0+1)(0+1))*+0))+(1)
13,26,1,40,3,2,1.243647,0.812500,0.928571,0.866667,(((1*0)*(11+0))&((1?0)*1*0*))+((0+1)(01*(01*0)*)?)
9,26,1,22,1,1,3.439064,1.000000,1.000000,1.000000,0?10*(1(101+0)+0)+1*
4,26,1,55,4,2,13.698248,0.937500,0.789474,0.857143,((1?(1(10*)*+00))&(((0+1)(0+1)+0)*+1))+(((10)?(11+0)(0*+1)(11)*)&((1*01*)*))
15,26,1,39,3,2,2.397739,0.812500,0.812500,0.812500,((1*01?0?1+0(01?)*)&(((0+1)(0+1)+1)*))+(1*000)
8,26,1,45,3,2,8.089753,0.750000,0.857143,0.800000,((((0+1)(1(0+1)(01?)?+0))*)&((0*1)?(10*)*(00)*))+(111(0+1)*)
6,26,1,31,2,2,6.32417,0.937500,1.000000,0.967742,((0*1+1*)(0((01)?0+1*1))?)+(0*111)
20,26,1,35,3,2,1.177708,0.937500,0.833333,0.882353,(((01)*((0+1)?1(0+1))*)&(((0+1)10?+1)*))+(1001)
14,26,1,51,4,2,1.820727,0.750000,0.923077,0.827586,((((0(11)?0+1)(10)?)*)&(((11+0)*+1)(10*(0+1))?))+((1(10*)*+0)&((10*)*0))
2,26,1,42,3,2,8.20931,0.875000,1.000000,0.933333,(((0*+1)1?10*)&((0?(10*+0*1))*))+((1?0?11)?0?1?)
7,26,1,35,2,2,4.019039,0.812500,1.000000,0.896552,(((1*00)*+0)(110)*1?1?)&(((0+1)(0+1)0?)*+0)
19,26,1,30,2,2,1.631961,1.000000,1.000000,1.000000,(((01)?00+1)1*0*(0+1))+(10101)
18,26,1,20,1,1,1.478142,1.000000,1.000000,1.000000,1*(0(0(0+1)*0+1)+1)0?
1,26,1,64,4,2,13.430987,0.625000,0.588235,0.606061,((((1(00+1)+01)(0+1)?)*)&((1(0+1)(0?1+0)+0)*))+((((1*0)*01+0)((10)?0)?)&((1*001?+0)*))
16,26,1,47,3,2,1.287354,0.625000,0.588235,0.606061,(((1(0+1)*+0)1?0*)&((1?01*0*)?(0+1)1?))+(0(1?0(0+1)1*)*)
3,26,1,38,3,2,1.109881,0.750000,0.666667,0.705882,((((1?1+0)(10*1+0))*)&(1?(10?1+0)*))+((0(011)*)*)
11,26,1,58,4,2,4.936017,0.187500,1.000000,0.315789,(((1?(0(0+1)(0+1)+10))?(0+1)?)&(((1?(0+1)0)*+0)((0+1)1)*+1))+(((1?10)*1)&(((0+1)1)*))
10,25,1,40,3,2,1.274201,0.687500,0.687500,0.687500,(((0(01)?)?(1(0+1)*1+0))&((0*10*)*))+(0?10*110)
12,25,1,30,2,2,0.774038,0.687500,0.916667,0.785714,((11+0)((0+1)(0+1))*)+(1?(0+1)0(01*+1))
5,25,1,44,4,2,1.566796,0.750000,0.800000,0.774194,((1*0((10?)*+0?0))&((01?1+1*0)*))+(((0*1(0+1))*)&(0(01*)*))
17,25,1,30,3,2,1.169166,0.937500,0.789474,0.857143,(((1?01*(0+1)+0)*)&(0?0?(1(0+1)*+0)))+(1)
13,25,1,40,3,2,1.218943,0.812500,0.928571,0.866667,(((1*0)*(11+0))&((1?0)*1*0*))+((0+1)(01*(01*0)*)?)
9,25,1,22,1,1,3.433779,1.000000,1.000000,1.000000,0?10*(1(101+0)+0)+1*
4,25,1,55,4,2,13.496829,0.937500,0.789474,0.857143,((1?(1(10*)*+00))&(((0+1)(0+1)+0)*+1))+(((10)?(11+0)(0*+1)(11)*)&((1?01*)*))
15,25,1,39,3,2,2.483372,0.812500,0.812500,0.812500,((1*01?0?1+0(01?)*)&(((0+1)(0+1)+1)*))+(1*000)
8,25,1,45,3,2,7.961412,0.750000,0.857143,0.800000,((((0+1)(1(0+1)(01*)?+0))*)&((0*1)?(10*)*(00)*))+(111(0+1)*)
6,25,1,35,2,2,5.818499,0.937500,1.000000,0.967742,((0*+1*)1(0((01)?0+1*1))?)+(00(1(11+0))?)
20,25,1,35,3,2,1.18088,0.937500,0.833333,0.882353,(((01)*((0+1)?1(0+1))*)&(((0+1)10?+1)*))+(1001)
14,25,1,36,3,3,2.966061,0.937500,0.833333,0.882353,((0(1(0*1+0))?)*+1(10?)*)+((1(10*)*)&((1*01?)*))
2,25,1,42,3,2,8.193949,0.875000,1.000000,0.933333,(((0*+1)1?10*)&((0?(10*+0*1))*))+(1?0?(110?1?)?)
7,25,1,35,2,2,3.990112,0.812500,1.000000,0.896552,(((1*00)*+0)(110)*1?1?)&(((0+1)(0+1)0?)*+0)
19,25,1,30,2,2,1.632657,1.000000,1.000000,1.000000,(((01)*00+1)1*0*(0+1))+(10101)
18,25,1,20,1,1,1.476028,1.000000,1.000000,1.000000,1*(0(0(0+1)*0+1)+1)0?
1,25,1,66,4,2,13.225419,0.500000,0.666667,0.571429,((0?10*(1(10*)*)?)&((((0+1)*0+1)(1(0+1)1+0))*))+(((11+0)(0*1)?((10)?0)?)&((11+0)(01*)*))
16,25,1,47,3,2,1.354488,0.625000,0.588235,0.606061,(((1(0+1)*+0)1?0*)&((1?01*0*)?(0+1)1?))+(0(1?0(0+1)1*)*)
3,25,1,38,3,2,1.172603,0.750000,0.666667,0.705882,((((1?1+0)(10*1+0))*)&(1?(10?1+0)*))+((0(011)*)*)
11,25,1,58,4,2,4.799154,0.187500,1.000000,0.315789,(((1?(0(0+1)(0+1)+10))?(0+1)?)&(((1?(0+1)0)*+0)((0+1)1)*+1))+(((1?10)*1)&(((0+1)1)*))
10,24,1,40,3,2,1.333352,0.687500,0.687500,0.687500,(((0(01)?)?(1(0+1)*1+0))&((0*10*)*))+(0?10*110)
12,24,1,30,2,2,0.772807,0.687500,0.916667,0.785714,((11+0)((0+1)(0+1))*)+(1?(0+1)0(01*+1))
5,24,1,44,4,2,1.54334,0.750000,0.800000,0.774194,((1*0((10?)*+0?0))&((01?1+1*0)*))+(((0*1(0+1))*)&(0(01*)*))
17,24,1,30,3,2,1.138288,0.937500,0.789474,0.857143,(((1?01*(0+1)+0)*)&(0?0?(1(0+1)*+0)))+(1)
13,24,1,22,1,1,5.807493,1.000000,1.000000,1.000000,(0+1)((1?0)*(11+0)(10*)?)?
9,24,1,22,1,1,3.48862,1.000000,1.000000,1.000000,0?10*(1(101+0)+0)+1*
4,24,1,38,2,2,10.829329,0.500000,0.888889,0.640000,(((11?(0+1))*0+1)((0+1)(11)*)?)&((1(0+1)(0+1)+0)*1*)
15,24,1,44,3,2,2.351431,0.812500,0.928571,0.866667,((1*01?0*1+0(01?)*)&(((0?0)?1)*((0+1)0)*))+(1*000)
8,24,1,45,3,2,7.958837,0.750000,0.857143,0.800000,((((0+1)(1(0+1)(01?)?+0))*)&((0*1)?(10*)*(00)*))+(111(0+1)*)
6,24,1,35,2,2,4.935464,0.812500,0.928571,0.866667,((0*1+1*)(0((01)?0+1))?1*)&(((1(11+0)+0)1?)*)
20,24,1,35,3,2,1.141004,0.937500,0.833333,0.882353,(((01)*((0+1)?1(0+1))*)&(((0+1)10?+1)*))+(1001)
14,24,1,36,3,3,3.046429,0.937500,0.833333,0.882353,((0(1(0*1+0))?)*+1(10?)*)+((1(10*)*)&((1*01?)*))
2,24,1,42,3,2,8.199432,0.875000,1.000000,0.933333,(((0*+1)1?10*)&((0?(10*+0*1))*))+((1?0?11)?0?1?)
7,24,1,35,2,2,3.932506,0.812500,1.000000,0.896552,(((1*00)*+0)(110)*1?1?)&(((0+1)(0+1)0?)*+0)
19,24,1,41,3,2,2.063867,1.000000,1.000000,1.000000,(((01)?(00+1)1*0*(0+1))&((0?(0+1)0+1)*))+(10101)
18,24,1,20,1,1,1.471792,1.000000,1.000000,1.000000,1*(0(0(0+1)*0+1)+1)0?
1,24,1,66,4,2,13.397093,0.500000,0.666667,0.571429,((0?10*(1(10*)*)?)&((((0+1)*0+1)(1(0+1)1+0))*))+(((11+0)(0*1)?((10)?0)?)&((11+0)(01*)*))
16,24,1,47,3,2,1.20171,0.625000,0.588235,0.606061,(((1(0+1)*+0)1?0*)&((1?01*0*)?(0+1)1?))+(0(1?0(0+1)1*)*)
3,24,1,38,3,2,1.202372,0.750000,0.666667,0.705882,((((1?1+0)(10*1+0))*)&(1?(10?1+0)*))+((0(011)*)*)
11,24,1,58,4,2,4.590232,0.187500,1.000000,0.315789,(((1?(0(0+1)(0+1)+10))?(0+1)?)&(((1?(0+1)0)*+0)((0+1)1)*+1))+(((1?10)*1)&(((0+1)1)*))
10,23,1,40,3,2,1.264527,0.687500,0.687500,0.687500,(((0(01)?)?(1(0+1)*1+0))&((0*10*)*))+(0*10*110)
12,23,1,30,2,2,0.694289,0.687500,0.916667,0.785714,((11+0)((0+1)(0+1))*)+(1?(0+1)0(01*+1))
5,23,1,54,4,2,1.56385,0.687500,0.733333,0.709677,((0?11*0(0*+1*))&((01?1)*1*(00)?0?))+(((0*1(0+1))*)&(0*(010+1)*))
17,23,1,30,3,2,1.128308,0.937500,0.789474,0.857143,(((1?01*(0+1)+0)*)&(0?0?(1(0+1)*+0)))+(1)
13,23,1,22,1,1,5.909382,1.000000,1.000000,1.000000,(0+1)((1?0)*(11+0)(10*)?)?
9,23,1,22,1,1,3.419207,1.000000,1.000000,1.000000,0?10*(1(101+0)+0)+1*
4,23,1,38,2,2,10.734223,0.500000,0.888889,0.640000,(((11?(0+1))*0+1)((0+1)(11)*)?)&((1(0+1)(0+1)+0)*1*)
15,23,1,35,2,2,1.054107,0.875000,0.933333,0.903226,((1*0?01+00)(10*)?)+(1*00*(101+0))
8,23,1,22,2,2,10.533523,0.937500,0.937500,0.937500,((1*1+0)(1((0+1)01?+1)+0))*
6,23,1,38,2,2,1.676159,0.937500,0.789474,0.857143,(((0?1)*+0*)1(00)?(10)?)+(1?0(0(1(11+0))?+1))
20,23,1,35,3,2,1.172817,0.937500,0.833333,0.882353,(((01)*((0+1)?1(0+1))*)&(((0+1)10?+1)*))+(1001)
14,23,1,42,3,2,2.70796,0.687500,0.785714,0.733333,((((1(00+1)+0)*+1)(10*1)?)&(0*(1(10*)*)?))+(((0+1)(0+1)0)*)
2,23,1,31,2,2,0.985935,0.875000,1.000000,0.933333,(((0*+1)0?1+0)10*1?)+(10*+0*1+0)
7,23,1,35,2,2,4.009809,0.812500,1.000000,0.896552,(((1*00)*+0)(110)*1?1?)&(((0+1)(0+1)0?)*+0)
19,23,1,41,3,2,2.028871,1.000000,0.941176,0.969697,(((01)*(00+1)1*0*(0+1))&((0?(0+1)0+1)*))+(10101)
18,23,1,55,4,2,2.035883,1.000000,0.842105,0.914286,((((0*1)*+0)(0+1)((0+1)0+1))&(1(10*)*+(01?)*))+((0*1((11)?0)*)&(((00+1)0+1)*))
1,23,1,66,4,2,13.296439,0.500000,0.666667,0.571429,((0?10*(1(10*)*)?)&((((0+1)*0+1)(1(0+1)1+0))*))+(((11+0)(0*1)?((10)?0)?)&((11+0)(01*)*))
16,23,1,45,3,2,1.226981,0.625000,0.625000,0.625000,((((10*)*+0)10*)&(1?(01*0*(0+1)+1)))+(0(1?0(0(0+1)+1)*)?)
3,23,1,38,3,2,1.151936,0.750000,0.666667,0.705882,((((1?1+0)(10*1+0))*)&(1?(10?1+0)*))+((0(011)?)*)
11,23,1,50,3,2,2.188842,0.187500,0.750000,0.300000,((0?((0+1)0?(0+1)0?(0+1))?)&(((1?(0+1)0)*+0)((0+1)1)*))+(1(101+0)*)
10,22,1,48,3,2,1.290433,0.687500,0.687500,0.687500,(((0(01)?)?((10*)*1+0))&(0?(1(0+1)*1+010)))+(0?10*110)
12,22,1,30,2,2,0.771711,0.687500,0.916667,0.785714,((11+0)((0+1)(0+1))*)+(1?(0+1)0(01*+1))
5,22,1,54,4,2,1.561203,0.687500,0.733333,0.709677,((0?11*0(0*+1*))&((01?1)*1*(00)?0?))+(((0*1(0+1))*)&(0*(010+1)*))
17,22,1,30,3,2,1.10543,0.937500,0.789474,0.857143,(((1?01*(0+1)+0)*)&(0?0?(1(0+1)*+0)))+(1)
13,22,1,22,1,1,5.607824,1.000000,1.000000,1.000000,(0+1)((1?0)*(11+0)(10*)?)?
9,22,1,22,1,1,3.421766,1.000000,1.000000,1.000000,0?10*(1(101+0)+0)+1*
4,22,1,47,3,2,11.260854,0.750000,0.923077,0.827586,(((1(1(0+1))*)?(0(1?11+0)*+1))&((1(0+1)(0+1))*0*1*))+(1001)
15,22,1,46,3,2,1.492731,0.812500,1.000000,0.896552,((((10?)*01+00)(10*)?)&(0*1*0*1*))+(1*00*(101+0))
8,22,1,22,2,2,10.446426,0.937500,0.937500,0.937500,((1*1+0)(1((0+1)01*+1)+0))*
6,22,1,38,2,2,1.676964,0.937500,0.789474,0.857143,(((0?1)*+0*)1(00)?(10)?)+(1?0(0(1(11+0))?+1))
20,22,1,35,3,2,1.157437,0.937500,0.833333,0.882353,(((01)*((0+1)?1(0+1))*)&(((0+1)10?+1)*))+(1001)
14,22,1,56,4,3,1.684256,0.500000,0.800000,0.615385,(((0*+1)(11(0(10*)*)?)*)&((10*(0+1)+0)*+1))+(((1*0(01)?(0+1))*)&(1*0(01*)*))
2,22,1,31,2,2,1.043298,0.875000,1.000000,0.933333,(((0*+1)0?1+0)10*1?)+(0*1+10*+0)
7,22,1,35,2,2,3.747381,0.812500,1.000000,0.896552,(((1*00)*+0)(110)*1?1?)&(((0+1)(0+1)0?)*+0)
19,22,1,41,3,2,2.074311,1.000000,1.000000,1.000000,(((01)?(00+1)1*0*(0+1))&((0?(0+1)0+1)*))+(10101)
18,22,1,32,2,2,1.086219,1.000000,1.000000,1.000000,(1*(0((01*)*0+1)+1)0?)&((0*((00+1)0+1))*)
1,22,1,50,3,2,12.393825,0.437500,0.500000,0.466667,(((1?(0+1)(1(0(0+1)+11)+0))*+0)&(0?((0+1)(00+1)(0+1)?)*))+(0?001)
16,22,1,45,3,2,1.178214,0.562500,0.692308,0.620690,((((10*)*+0)10*)&(1?(0(0+1)1?0*+1)))+(0(1?0(0(0+1)+1)*)?)
3,22,1,38,3,2,11.357036,0.750000,0.666667,0.705882,((((1?1+0)(10?1+0))*)&(1?(10?1+0)*))+((0(011)*)*)
11,22,1,50,3,2,1.912196,0.250000,0.666667,0.363636,((0?((0+1)0?(0+1)(0*1+0))?)&(((1?(0+1)0)*+0)((0+1)1)*))+(1(101+0)*)
10,21,1,48,3,2,1.189666,0.687500,0.687500,0.687500,(((0(01)?)?((10*)*1+0))&(0?(1(0+1)*1+010)))+(0*10*110)
12,21,1,30,2,2,0.713638,0.687500,0.916667,0.785714,((11+0)((0+1)(0+1))*)+(1?(0+1)0(01*+1))
5,21,1,42,4,2,1.671317,0.750000,0.923077,0.827586,((1*0((10?)*+0*))&((01?1)*((10?)*0)?0?))+(0*101*)
17,21,1,30,3,2,1.14025,0.937500,0.789474,0.857143,(((1?0(1*1+0)+0)*)&(0?0?(1(0+1)*+0)))+(1)
13,21,1,22,1,1,5.483364,1.000000,1.000000,1.000000,(0+1)((1?0)*(11+0)(10*)?)?
9,21,1,22,1,1,3.259151,1.000000,1.000000,1.000000,0?10*(1(101+0)+0)+1*
4,21,1,45,3,2,3.49831,1.000000,0.842105,0.914286,((((1(0+1))*0(0*+1))?(11)*+1)&((0+1)*(0+1)))+(1(1?(0+1)(11+0))*)
15,21,1,46,3,2,1.410391,0.812500,1.000000,0.896552,((((10?)*01+00)(10*)?)&(0*1*0*1*))+(1*00*(101+0))
8,21,1,29,2,2,3.923629,0.937500,0.937500,0.937500,(((1?1+0)(1((0+1)01?+1)+0))*)+((11)*1)
6,21,1,38,2,2,1.396107,0.937500,0.789474,0.857143,(((0?1)*+0*)1(00)?(10)?)+(1?0(0(1(11+0))?+1))
20,21,1,35,3,2,1.189207,0.937500,0.833333,0.882353,(((01)*((0+1)?1(0+1))*)&(((0+1)10?+1)*))+(1001)
14,21,1,28,2,2,0.708216,1.000000,1.000000,1.000000,(((11+0)*+1)(10*1)?)+(((01)?0+11)*)
2,21,1,31,2,2,1.090808,0.875000,1.000000,0.933333,(((0*+1)0?1+0)10*1?)+(10*+0*1+0)
7,21,1,35,2,2,3.683075,0.812500,1.000000,0.896552,(((1*00)*+0)(110)*1?1?)&(((0+1)(0+1)0?)*+0)
19,21,1,46,3,2,1.931939,0.937500,0.882353,0.909091,(((010+1*)(00+1)1*0*)&((0*(00+1)(0+1)0?)*))+(1(1*0)*1)
18,21,1,32,2,2,1.002443,1.000000,1.000000,1.000000,(1*(0((01*)*0+1)+1)0?)&((0*((00+1)0+1))*)
1,21,1,50,3,2,11.896314,0.437500,0.500000,0.466667,(((1?(0+1)(1(0(0+1)+11)+0))*+0)&(0?((0+1)(00+1)(0+1)?)*))+(0?001)
16,21,1,45,3,2,1.279581,0.625000,0.625000,0.625000,((((10*)*+0)10*)&(1?(01*0*(0+1)+1)))+(0(1?0(0(0+1)+1)*)?)
3,21,1,55,3,2,7.013064,0.437500,0.500000,0.466667,(((1(01*0)*(0*00+1))*0*)&((0*(0+1)(0+1)1?)*))+(0*11?0(1(00+1))*)
11,21,1,50,3,2,1.91121,0.250000,0.571429,0.347826,((0?((0+1)0?(0+1)0?(0+1))?)&((1(0+1))*((0(0+1)1*)*+0)))+(1(101+0)*)
10,20,1,48,3,2,1.255283,0.687500,0.687500,0.687500,(((0(01)?)?((10*)*1+0))&(0?(1(0+1)*1+010)))+(0*10*110)
12,20,1,30,2,2,0.784518,0.687500,0.916667,0.785714,((11+0)((0+1)(0+1))*)+(1?(0+1)0(01*+1))
5,20,1,22,1,1,5.60822,0.875000,1.000000,0.933333,1*0((1*+0)0+1)?(101*)*
17,20,1,39,3,2,1.181031,0.875000,0.777778,0.823529,((0?(1(01*)*+01*))&((01*(0+1)+1)*+0))+(00?(10*)*)
13,20,1,22,1,1,5.534206,1.000000,1.000000,1.000000,(0+1)((1?0)*(11+0)(10*)?)?
9,20,1,39,2,2,1.918844,1.000000,1.000000,1.000000,((0?10*)*(1101+0)+1*)&((0?10*((0?1)*+10))?)
4,20,1,45,3,2,3.49204,1.000000,0.842105,0.914286,((((1(0+1))*0(0*+1))?(11)*+1)&((0+1)*(0+1)))+(1(1?(0+1)(11+0))*)
15,20,1,60,4,2,1.855384,0.875000,0.736842,0.800000,((((0+1)(0+1)1?1)*0*1?)&(1*0((01?)*+1)(0+1)))+((((10?)*0(00+1))*)&((0+1)*0(0+1)))
8,20,1,29,2,2,3.809204,0.937500,0.937500,0.937500,(((1?1+0)(1((0+1)01*+1)+0))*)+((11)*1)
6,20,1,38,2,2,1.522009,0.937500,0.789474,0.857143,(((0?1)*+0*)1(00)?(10)?)+(1?0(0(1(11+0))?+1))
20,20,1,35,3,2,1.157359,0.937500,0.833333,0.882353,(((01)*((0+1)?1(0+1))*)&(((0+1)10?+1)*))+(1001)
14,20,1,28,2,2,0.725952,1.000000,1.000000,1.000000,(((11+0)*+1)(10*1)?)+(((01)?0+11)*)
2,20,1,31,2,2,0.996911,0.875000,1.000000,0.933333,(((0*+1)0?1+0)10*1?)+(10*+0*1+0)
7,20,1,40,3,2,1.419821,0.687500,0.916667,0.785714,((((1*00)*+0)((110?)*+1))&(((1*01*)*+1)(0+1)))+(1*01)
19,20,1,46,3,2,1.893649,0.937500,0.882353,0.909091,(((010+1*)(00+1)1*0*)&((0*(00+1)(0+1)0?)*))+(1(1*0)*1)
18,20,1,32,2,2,1.006792,1.000000,1.000000,1.000000,(1*(0((01*)*0+1)+1)0?)&((0*((00+1)0+1))*)
1,20,1,77,5,3,18.626864,0.437500,0.583333,0.500000,((((0?1)?(0+1)(1(0+1)1+0))*0?)&((((11+0)(01*+1))*)+(0*10*(1(10)*)*+0)))+(((1*+0)001?)&((11+0*)10*))
16,20,1,40,3,2,1.276133,0.437500,0.875000,0.583333,(((0(0+1))*((1(0+1))*0+1*))&((0+1)1?(01*)*))+(10(0+1)1)
3,20,1,55,3,2,6.932951,0.437500,0.538462,0.482759,(((1(01*0)?(0?00+1))*0*)&(((0?0+1?1)(0+1))*))+(0*11?0(1(00+1))*)
11,20,1,50,3,2,1.453367,0.187500,0.600000,0.285714,((0?((0+1)0?(0+1)(0?1+0))?)&((1(0+1))*((0(0+1)1*)*+0)))+(1(101+0)*)
10,19,1,38,3,2,1.162909,0.750000,0.705882,0.727273,(((0?10*)*1)&((0+1)*(0+1)1))+(0?(10*1+00)10)
12,19,1,39,3,2,1.214398,1.000000,0.640000,0.780488,((1(1*0)*10*)&((0?(00+1))*))+((11+0)((0?0+1)(0+1))*)
5,19,1,27,2,2,1.068953,1.000000,1.000000,1.000000,(1*0((0+1)0?(1(0+1))*)?)+((1?01)*)
17,19,1,33,3,2,1.201627,0.937500,0.789474,0.857143,((0?(01+10)(0+1)*)&((0(1*0+1)+1)*))+((0+1)0?)
13,19,1,41,3,2,1.494757,0.812500,0.684211,0.742857,(((((0*1)*+10)1+0*)(10)?)&(0(01*)*+(0*1)*))+(((1*0)?0)*)
9,19,1,48,3,2,1.453802,0.937500,0.937500,0.937500,(((1*+0)(1(11)?0(0*+1))*)&(0?1?0*(1((10?)*1+0))?))+(0110)
4,19,1,45,3,2,3.487208,1.000000,0.842105,0.914286,((((1(0+1))*0(0*+1))?(11)*+1)&((0+1)*(0+1)))+(1(1?(0+1)(11+0))*)
15,19,1,60,4,2,1.823093,0.875000,0.666667,0.756757,((((0+1)(0+1)1?1)*0*1?)&(1*0((0+1)*0+1)1?))+((((10?)*0(00+1))*)&((0+1)*0(0+1)))
8,19,1,29,2,2,3.855083,0.937500,0.937500,0.937500,(((1?1+0)(1((0+1)01?+1)+0))*)+((11)*1)
6,19,1,45,3,3,1.869433,0.937500,0.789474,0.857143,(((0?1)*+0*)1(00)?(10)?)+(((001)?(10?1+0*))&(((0+1)0+1)*))
20,19,1,35,3,2,1.19823,0.937500,0.833333,0.882353,(((01)*((0+1)?1(0+1))*)&(((0+1)10?+1)*))+(1001)
14,19,1,28,2,2,0.798977,1.000000,1.000000,1.000000,(((11+0)*+1)(10*1)?)+(((01)?0+11)*)
2,19,1,31,2,2,0.786732,0.875000,1.000000,0.933333,((0*+1)0?110*1?)+(0?(0*1+10*)?)
7,19,1,61,4,2,1.983348,0.687500,1.000000,0.814815,(((((0(0+1))*1)*0+1)0?1?)&(((1(1*0+1))?0)*+1*0*1))+(((110?+00)*)&((0(11+0)+1)*))
19,19,1,46,3,2,1.828352,0.937500,0.882353,0.909091,(((010+1*)(00+1)1*0*)&((0*(00+1)(0+1)0?)*))+(1(1*0)*1)
18,19,1,32,2,2,1.128408,1.000000,1.000000,1.000000,(1*(0((01*)*0+1)+1)0?)&((0*((00+1)0+1))*)
1,19,1,47,3,2,6.137353,0.625000,0.909091,0.740741,((((01)*11+0)(1*0(0+1)+0)*)&((11+0)(0*1+10)*0?))+(10*0)
16,19,1,54,5,3,1.887241,0.687500,0.611111,0.647059,(((1?01?0)*1?1?)&((0+1)*(0+1)))+((((0+1)((01*)*1)?)&(0*(0?1)*))+(101*0))
3,19,1,53,3,2,1.996093,0.500000,0.666667,0.571429,(((10(00+1)((0+1)1)*+0)*)&((1(01*0)*)*0*))+((0*11?(10)*0)?(11)*)
11,19,1,75,5,3,2.495723,0.437500,1.000000,0.608696,((0?(10?(0+1)(01*+1))?)&(((0+1)(0+1)+0)*))+((((((1?1+0)0)*+0(0+1)1)1?)&((0*((00+1)0+1))*))&(((0+1)(0+1)+0)*+1))
10,18,1,39,3,2,1.148242,0.750000,0.705882,0.727273,((0?(10*)*1)&((1(0+1)*1+0)*))+(0?(10*1+00)10)
12,18,1,54,4,3,1.513579,0.500000,0.444444,0.470588,((1(1*0)*10*)&((0?(00+1))*))+((0*1*0((0*0+1)1)*)&(((11+0)(0+1))*(1*+0)))
5,18,1,36,3,2,1.253377,0.750000,0.750000,0.750000,((1*0(((0*1)*+0)(0+1))?)&((01*)*(1*0)*))+((1?01)*)
17,18,1,33,3,2,1.14856,0.937500,0.789474,0.857143,((0?(01+10)(0+1)*)&((0(1*0+1)+1)*))+((0+1)0?)
13,18,1,45,3,2,1.351445,0.562500,0.692308,0.620690,((1?((0*1)*1+0*)(10?)?)&(((0?01)*1+0)(01*)*))+(((1*0)?0)*)
9,18,1,48,3,2,1.359629,0.937500,0.937500,0.937500,(((1*+0)(1(11)?0(0*+1))*)&(0?1?0*(1((10?)*1+0))?))+(0110)
4,18,1,38,3,2,1.783683,0.562500,0.642857,0.600000,((1?((11+0)(11+0)(1*+0))*)&(((10*)*+0)(0+1)(11)?))+(0)
15,18,1,41,3,2,1.117183,0.875000,0.777778,0.823529,((((0?0)?1)*+0(01?)*)&(1*0((0+1)*0+1)1?))+(1*000)
8,18,1,46,3,2,4.335294,0.750000,0.923077,0.827586,((((1*1+0)(1(1(0+1)*+00)+0))*)&(1*(1*01?1?)*))+(11001)
6,18,1,46,3,2,1.37237,0.750000,1.000000,0.857143,((1*0*1(0(01)?0+1*))&((10)?(((111+0)1?)*+1)))+(0(01)*0)
20,18,1,35,3,2,1.131437,0.937500,0.833333,0.882353,(((01)*((0+1)?1(0+1))*)&(((0+1)10?+1)*))+(1001)
14,18,1,28,2,2,0.791802,1.000000,1.000000,1.000000,(((11+0)*+1)(10*1)?)+(((01)?0+11)*)
2,18,1,40,3,2,1.199226,0.875000,1.000000,0.933333,((1?0*110*1?)&(0*(0?1)*0*))+(0?(0*1+10*)?)
7,18,1,61,4,2,1.920778,0.687500,1.000000,0.814815,(((((0(0+1))*1)*0+1)0?1?)&(((1(1*0+1))?0)*+1*0*1))+(((110?+00)*)&((0(11+0)+1)*))
19,18,1,51,4,2,1.793445,1.000000,0.941176,0.969697,(((0*+1*)((1?0)*0+1)(0+1))&((01*0+1)1*0*(0+1)))+(((0+1)*01)&((10?)*))
18,18,1,32,2,2,0.961425,1.000000,1.000000,1.000000,(1*(0((01*)*0+1)+1)0?)&((0*((00+1)0+1))*)
1,18,1,57,4,3,7.987877,0.375000,0.600000,0.461538,(((1?(0+1)(1(0+1)(0+1)+0))*+0)&((((11+0)(0(10*)*+1))*+1?0*)+(01*)))+(0?001)
16,18,1,47,4,2,1.570565,0.812500,0.650000,0.722222,(((1?01?0)*1?1?)&((0+1)*(0+1)))+(((10*11+0)*1?)&((0+1)*(0+1)))
3,18,1,60,4,2,1.554847,0.750000,0.750000,0.750000,(((10((0*1)*1)?)*0*)&((0?(0+1)(1(0+1)1*+0))*))+(((11)*(0*1(0+1)0)?)&(((11+0)1?)*))
11,18,1,61,4,2,1.600074,0.125000,0.333333,0.181818,((((0?1(0*+1))?01*)?)&((((0+1)10?)?1)*0*))+((((0+1)1?0(00+1))*1?)&(((00+1)(10)*)*))
10,17,1,38,3,2,1.241117,0.750000,0.705882,0.727273,(((0?10*)*1)&((0+1)*(0+1)1))+(0?(10*1+00)10)
12,17,1,39,3,2,1.206133,1.000000,0.640000,0.780488,((1(1*0)*10*)&((0?(00+1))*))+((11+0)((0?0+1)(0+1))*)
5,17,1,36,3,2,1.200538,0.750000,0.750000,0.750000,((1*0(((0*1)*+0)(0+1))?)&((01*)*(1*0)*))+((1?01)*)
17,17,1,33,3,2,1.072745,0.937500,0.789474,0.857143,((0?(01+10)(0+1)*)&((0(1*0+1)+1)*))+((0+1)0?)
13,17,1,45,3,2,1.416509,0.562500,0.692308,0.620690,((1?((0*1)*1+0*)(10?)?)&(((0?01)*1+0)(01*)*))+(((1*0)?0)*)
9,17,1,48,3,2,1.521845,0.937500,0.937500,0.937500,(((1*+0)(1(11)?0(0*+1))*)&(0?1?0*(1((10?)*1+0))?))+(0110)
4,17,1,72,5,3,2.415505,0.375000,0.750000,0.500000,((((10)?(11+0)(11+0))*1?)&(0?(1(0+1)*+0)))+(((((1(11+0)+0)(0+1)+0)1*)&(((0+1)(0+1)+0)*))&((0*10*)*(0+1)))
15,17,1,58,4,2,1.662924,0.625000,0.909091,0.740741,(((10*)*1+0(01?)*)&(0*1*0(0+1)(0*+1)))+((0?1*0?(00+1))&((((0+1)1+0)(0+1))*))
8,17,1,46,3,2,4.221241,0.750000,0.923077,0.827586,((((1?1+0)(1(1(0+1)*+00)+0))*)&(1*(1*01?1?)*))+(11001)
6,17,1,47,3,2,1.279299,0.937500,0.937500,0.937500,((0*1((00+1)(10*)?)?)&((1*((11+0)1+0))*))+(1*0((01)?0+1*1))
20,17,1,35,3,2,1.084993,1.000000,0.888889,0.941177,(((0+1)1(1?0)*1*)&((0?10?)*))+((1(0(0+1)+1)1)*)
14,17,1,28,2,2,0.843398,1.000000,1.000000,1.000000,(((11+0)*+1)(10*1)?)+(((01)?0+11)*)
2,17,1,40,3,2,1.157114,0.875000,1.000000,0.933333,((1?0*110*1?)&(0*(0?1)*0*))+(0?(0*1+10*)?)
7,17,1,65,5,3,1.982633,0.937500,0.833333,0.882353,((0?(1(1(1*01?)*)?)?)&(((10?)*01*+1)?(0+1)))+(((((11+0)0+1)*)&((1*01*)*))&((1?(0+1)01*)*))
19,17,1,60,4,2,1.812354,1.000000,0.941176,0.969697,((((1*0)?0)*((0+1)0+1)1*)&((01?0+1)1*0*(0+1)))+((11*((01)*+0*))&(1(0+1)*(0+1)))
18,17,1,32,2,2,0.971652,1.000000,1.000000,1.000000,(1*(0((01*)*0+1)+1)0?)&((0*((00+1)0+1))*)
1,17,1,49,3,2,5.291091,0.437500,0.636364,0.518519,(((1*(11+0)01?+0)*)&((10)?(((11+0)(0(10?)*+1))*+0)))+(01(0+1)1)
16,17,1,47,4,2,1.523795,0.812500,0.650000,0.722222,(((1?01?0)*1?1?)&((0+1)*(0+1)))+(((10*11+0)*1?)&((0+1)*(0+1)))
3,17,1,66,5,3,2.049062,0.812500,0.684211,0.742857,(((10((0*1)*1)?)*0*)&((0?(0+1)(1(0+1)1?+0))*))+(((((1*00+11)0?)*)&(1*(1*0)*))&(((11+0)1?)*))
11,17,1,68,5,3,1.876712,0.125000,0.666667,0.210526,((((1(0*+1))?01*)?)&((1(1(0+1)*+0)+0)*))+((((00)*1?1?(01)*)&((0?(0+1)(0+1))*(0+1)))&((0(0+1)*0+1)*))
10,16,1,39,3,2,1.228853,0.750000,0.705882,0.727273,((0?(10*)*1)&((1(0+1)*1+0)*))+(0*(10*1+00)10)
12,16,1,74,6,3,2.313294,0.437500,0.437500,0.437500,((1(1*0)*10*)&((0?(00+1))*))+(((((11+0)(0?0+1))*+0)&((1*+0)0((0+1)(0+1))*))+((((0*1)?11)*)&(1*0((0+1)1)*)))
5,16,1,56,4,2,1.580592,0.562500,1.000000,0.720000,((0*11*0(11+0*))&((1*0)?(0(0?1)*)?0?))+(((((0+1)1+0)10?)*)&((1*01+0)*))
17,16,1,44,4,2,1.616621,0.625000,0.769231,0.689655,((1?0(0*1)*0?)&((0(10?)*0+1)*+0))+(((01*)*10*)&((00+1)*))
13,16,1,48,4,3,1.801588,0.750000,0.631579,0.685714,((1?(0((0(0+1))*1)*0*)?)&((((0+1)0?(10*1+0))*1?)+(0)))+(((1*0)?0)*)
9,16,1,48,3,2,1.397493,0.937500,0.937500,0.937500,(((1*+0)(1(11)?0(0*+1))*)&(0?1?0*(1((10?)*1+0))?))+(0110)
4,16,1,58,4,2,1.792971,0.687500,0.846154,0.758621,((((1(0+1))*(01*+1))?10*)&(((0+1)(00+1)+1)*))+((1*0(1*11+0)*)&(((11+0)0+1)*+0))
15,16,1,52,5,3,1.983619,0.687500,0.785714,0.733333,(((10*)*1+(01?)*)&((0*1*0(0+1)(10?)?)+((0+1)*00)))+(1*0(00+11))
8,16,1,43,3,2,2.265722,0.687500,0.785714,0.733333,((((0(0+1))*0)?(11(0+1)*+0))&(((1*1+0)(11+0))*(01?)*))+(10)
6,16,1,47,3,2,1.284587,0.937500,0.937500,0.937500,((0*1((00+1)(10*)?)?)&((1*((11+0)1+0))*))+(1*0((01)?0+1*1))
20,16,1,35,3,2,1.169424,1.000000,0.888889,0.941177,(((0+1)1(1?0)*1*)&((0?10?)*))+((1(0(0+1)+1)1)*)
14,16,1,61,5,3,2.014736,0.500000,0.800000,0.615385,((((0*10*1)*+1)0?)&(((0?0?1(10*)*)?)+(0)))+((((11)?0((0+1)01?)*)*)&(((1*0)*0+01)*))
2,16,1,40,3,2,1.159494,0.875000,1.000000,0.933333,((1?0*110*1?)&(0*(0?1)*0*))+(0?(0*1+10*)?)
7,16,1,65,5,3,1.914205,0.812500,0.866667,0.838710,((0?(1(1(1*01?)*)?)?)&(((10?)*01*+1)?(0+1)))+(((((11+0)0+1)*)&((1(0+1)+0)*))&((1?(0+1)01*)*))
19,16,1,47,3,2,1.238775,0.875000,0.875000,0.875000,((((1*0)*0+1)(0+1)1*)&((0(10)?0(0+1)+1)*0?))+(10*1*01?)
18,16,1,32,2,2,0.956657,1.000000,1.000000,1.000000,(1*(0((01*)*0+1)+1)0?)&((0*((00+1)0+1))*)
1,16,1,49,3,2,5.250765,0.437500,0.636364,0.518519,(((1*(11+0)01?+0)*)&((10)?(((11+0)(0(10*)*+1))*+0)))+(01(0+1)1)
16,16,1,47,4,2,1.660887,0.812500,0.684211,0.742857,(((1?01?0)*1?1?)&((0+1)*(0+1)))+(((10?11+0)*1?)&((0+1)*(0+1)))
3,16,1,66,5,3,2.061236,0.812500,0.684211,0.742857,(((10((0*1)*1)?)*0*)&((0?(0+1)(1(0+1)1*+0))*))+(((((1*00+11)0*)*)&(1*(1*0)*))&(((11+0)1?)*))
11,16,1,68,5,3,2.005635,0.125000,0.666667,0.210526,((((1(0*+1))?01*)?)&((1(1(0+1)*+0)+0)*))+((((00)*1?1?(01)*)&((0?(0+1)(0+1))*(0+1)))&((0(0+1)*0+1)*))
10,15,1,39,3,2,1.137681,0.750000,0.705882,0.727273,((0?(10*)*1)&((1(0+1)*1+0)*))+(0?(10*1+00)10)
12,15,1,87,7,3,3.135138,0.500000,0.421053,0.457143,(((0?((0+1)0+1)(0+1)(0+1))*)&(1*0(0?(00+1))*))+((((0?(00+1)*)&((1(1?0)*1+0)*))+(((000+1)*)&((10*1+0)*)))&((1*0)*(01*+11)))
5,15,1,56,4,2,1.632002,0.562500,1.000000,0.720000,((0*11*0(11+0*))&((1*0)?(0(0?1)*)?0?))+(((((0+1)1+0)10?)*)&((1*01+0)*))
17,15,1,30,3,2,1.153235,0.812500,0.812500,0.812500,(((1?01*)*10*)&((0(10?)*0+1)*))+(0?0)
13,15,1,48,5,3,1.880166,0.562500,0.818182,0.666667,((((0*01)*1)?((0+1)0)*)+(101+0))+((((1*0+01)0)*)&((((0+1)*0+1)0)*))
9,15,1,56,4,3,1.896433,0.937500,0.937500,0.937500,(((1*+0)(1(11)?0(0*+1))*)&((1?0*(1((0?10?)*1+0))?)+(((01)*0)*)))+(0110)
4,15,1,56,5,3,1.972528,0.437500,0.700000,0.538462,((1((0+1)((11+0)1?)*)?)&((0?(00+1))*))+((((1*+0)(0+1)(11)?)&((1*01*)*))&((1?11+0)*))
15,15,1,50,5,3,2.001109,0.687500,0.733333,0.709677,(((10*)*1+(01?)*)&((0?1*0(0+1)(10*)*)+(0*00)))+(1*0(00+11))
8,15,1,64,4,2,2.467157,0.625000,0.833333,0.714286,(((10?)*(00*1*(0+1)0)*)&(((11+0)1*(0+1)+10)*))+(((1*+0)110*1?)&((((0+1)1+0)(0+1))*))
6,15,1,52,4,3,1.576126,0.625000,0.769231,0.689655,((((001?0*+11)1*)*)&(((111+0)1?)*))+((10((01)?0+1*))&(1((0+1)(0+1))*))
20,15,1,39,4,3,1.559393,1.000000,0.888889,0.941177,(((0+1)1(1?0)*1*)&((0?10?)*))+((((0(0+1))?1)*)&((10*1)*))
14,15,1,61,5,3,1.91332,0.500000,0.800000,0.615385,((((0*10*1)*+1)0?)&(((0?0?1(10*)*)?)+(0)))+((((11)?0((0+1)01*)*)*)&(((1*0)*0+01)*))
2,15,1,40,3,2,1.124302,0.875000,1.000000,0.933333,((1?0*110*1?)&(0*(0?1)*0*))+(0?(0*1+10*)?)
7,15,1,67,5,3,1.927201,0.875000,0.823529,0.848485,((0?(11(1*01?)*)?)&((10*)*(01*0+1)+0))+(((((11+0)0+1)*+01)&((1*01*)*))&((0+1)1?(01*)*))
19,15,1,56,4,3,1.625684,0.875000,0.933333,0.903226,((((1*0)*0+1)(0+1)1?)&((0(10)*0(0+1)+1)*0?))+((1(0+1)((10?)*+0))&(1*(01?)*))
18,15,1,37,3,2,1.277732,1.000000,0.941176,0.969697,(((0+1)(00+1)*01?0?)&(((0(1?1+0)0+1)0?)*))+(1*)
1,15,1,49,4,3,2.74213,0.437500,0.777778,0.560000,(((1*(11+0)01?+0)*)&((((11+0)(0(10?)*+1))*+10*)+(0)))+(01(0+1)1)
16,15,1,47,4,2,1.537572,0.812500,0.684211,0.742857,(((1?01?0)*1?1?)&((0+1)*(0+1)))+(((10?11+0)*1?)&((0+1)*(0+1)))
3,15,1,66,5,3,2.050603,0.812500,0.684211,0.742857,(((10((0*1)*1)?)*0*)&((0?(0+1)(1(0+1)1?+0))*))+(((((1*00+11)0?)*)&(1*(1*0)*))&(((11+0)1?)*))
11,15,1,68,5,3,1.87769,0.125000,0.666667,0.210526,((((1(0*+1))?01*)?)&((1(1(0+1)*+0)+0)*))+((((00)*1?1?(01)*)&((0?(0+1)(0+1))*(0+1)))&((0(0+1)*0+1)*))
10,14,1,47,4,3,1.619161,0.625000,0.625000,0.625000,(((0?10*)*1)&((0+1)*(0+1)1))+((1?((0(0+1))*+1)10)&((0?(0+1)(0+1))*))
12,14,1,73,5,3,2.236221,0.437500,0.411765,0.424242,(((0*((0+1)0+1)(0+1)(0+1))*)&((1*0)*(01*+1)+1*0))+((((1?0)*((00+1)1)*)&(((0+1)1+0)*))&((1*0)*(01*+11)))
5,14,1,61,5,3,1.960509,0.812500,1.000000,0.896552,((0*11*0(11+0)*)&((1*0(0?1*01*)?)+((1?0)*)))+((((11+0)1(0+1)?)*)&((1*01+0)*))
17,14,1,30,3,2,1.139877,0.812500,0.812500,0.812500,(((1?01*)*10*)&((0(10?)*0+1)*))+(0?0)
13,14,1,41,3,2,1.242716,0.750000,0.800000,0.774194,((((0*1)*1+10)*+0*)&((((11)?1)?0)*1*))+((1*001?+0)*)
9,14,1,56,4,3,1.702338,0.937500,0.937500,0.937500,(((1*+0)(1(11)?0(0*+1))*)&((1?0*(1((0?10?)*1+0))?)+(((01)*0)*)))+(0110)
4,14,1,56,5,3,1.946736,0.437500,0.700000,0.538462,((1((0+1)((11+0)1?)*)?)&((0?(00+1))*))+((((1*+0)(0+1)(11)?)&((1*01*)*))&((1?11+0)*))
15,14,1,50,5,3,1.966552,0.687500,0.733333,0.709677,(((10*)*1+(01?)*)&((0?1*0(0+1)(10*)*)+(0*00)))+(1*0(00+11))
8,14,1,64,4,2,2.237566,0.625000,0.833333,0.714286,(((10?)*(00*1*(0+1)0)*)&(((11+0)1*(0+1)+10)*))+(((0+1)?110*1?)&((((0+1)1+0)(0+1))*))
6,14,1,54,4,3,1.540328,0.937500,0.750000,0.833333,((((11+0)(01*)?(0+1))*)&(((111+0)1?)*))+((1*(00)?(101*)?)&((1((0+1)(0+1))*)*))
20,14,1,47,4,3,1.540001,1.000000,0.727273,0.842105,(((11(0+1)*+01)*)&((0?10?)*))+(((0?(010?+1))*)&((1?((00+1)1+0))*))
14,14,1,61,5,3,2.076755,0.500000,0.800000,0.615385,((((0*10*1)*+1)0?)&((0?0?1(10*)*)+(0?)))+((((11)?0((0+1)01?)?)*)&(((1*0)*0+01)*))
2,14,1,40,3,2,1.140824,0.875000,1.000000,0.933333,((1?0*110*1?)&(0*(10?)*0*))+(0?(0*1+10*)?)
7,14,1,57,4,2,1.465545,0.750000,0.750000,0.750000,(((11(1?01?)*+0)*)&((1(0+1)*1+01*0)*+0))+((((1(0+1))?0)*+01)&(0*1(01*)*))
19,14,1,56,4,3,1.683211,0.875000,0.933333,0.903226,((((1*0)*0+1)(0+1)1?)&((0(10)*0(0+1)+1)*0?))+((1(0+1)((10?)*+0))&(1*(01?)*))
18,14,1,61,5,3,1.890058,1.000000,0.800000,0.888889,(((00+1)*(0+1)(0+1)0?)&(((0+1)(000+10*)*)+((0*1)*0)))+((00(0+1)*+1)&(0*1(10*)*))
1,14,1,59,4,3,2.013781,0.375000,0.600000,0.461538,(((1*(11+0)01?+0)*)&(((1?(((11+0)1)*0+1)01?)*)+(((1*0)*1)?0?)))+(01(0+1)1)
16,14,1,62,5,3,2.026856,0.437500,0.538462,0.482759,(((1?01?0)*1*)&(1*(01?)*(0+1)))+(((((10?1+0)1+0)*)&((0?1)*0*1*))&((0*+1)01*0?))
3,14,1,58,4,2,1.476908,0.687500,0.785714,0.733333,(((1((0*1+0)1+0))*0*)&((0?(0+1)(1(0+1)1?+0))*))+((1*0*1(0+1)(0+1))&(((0+1)1+0)*))
11,14,1,65,5,3,2.073974,0.125000,0.666667,0.210526,((((1(0*+1))?01*)?)&((1(1(0+1)*+0)+0)*))+((((00)*1*(01)*)&((0?(0+1)(0+1))*(0+1)))&((0(0+1)*0+1)*))
10,13,1,47,4,3,1.472165,0.875000,0.666667,0.756757,((0?(10*)*1)&((1(0+1)*1+0)*))+((((0+1)(0*0+1))*10)&(((11)?1?0)*))
12,13,1,51,4,3,1.58919,0.687500,0.916667,0.785714,(((0(01*+10)*+11)*)&(((1*0)*01*)+((10*)*1)))+(1(1((0+1)(0+1))*+01))
5,13,1,45,3,2,1.287108,0.687500,0.687500,0.687500,(((0*1(10*+0))*)&(1*0((1*+0)0(10?)*)?))+(((0+1)1)?10*1?)
17,13,1,22,2,2,0.688184,0.875000,0.823529,0.848485,((0+1)?0(10*)*)+(10*(01)*)
13,13,1,53,4,3,1.622091,0.750000,0.571429,0.648649,((1?0*((0*1)*1)?)&((0+1)(1?01*)*))+(((0(1*0+01)+11)*)&(((0+1)0?(0+1))*))
9,13,1,61,4,3,1.66511,0.812500,1.000000,0.896552,(((1*+0)(1(11)?0(0*+1))*)&((((01?)*10*(0+1)0)?1*)+((111)?010?)))+(0110)
4,13,1,65,5,3,2.028195,0.562500,1.000000,0.720000,((1(1?(0+1)11+0)*)&((0*(00+1))*))+(((1*0*1*)&(((1(0+1))?(0(0*1)*+1))?(0+1)))&((1(0+1)*1+0)*))
15,13,1,52,5,3,2.000947,0.687500,0.733333,0.709677,(((10*)*1+(01?)*)&((0?1*0(0+1)(10?)*)+((0+1)*00)))+(1*0(00+11))
8,13,1,54,4,3,1.616361,0.687500,0.733333,0.709677,(((1(0000+1)(0+1)*+0)*)&(((1*(0+1)0+01?1)*)+((1(0+1))*1)))+((010+1)0)
6,13,1,52,4,3,1.65389,0.937500,0.789474,0.857143,((((0(01?)?+11)(0+1))*)&(((11+0)1+0)*))+(((1(0(01)?(0+1))?)*)&((10?)*(1*0)*))
20,13,1,47,4,3,1.585836,1.000000,0.727273,0.842105,(((11(0+1)*+01)*)&((0?10?)*))+(((0?(010?+1))*)&((1?((00+1)1+0))*))
14,13,1,71,6,3,2.348012,0.437500,0.636364,0.518519,(((0*10*10?)*)&(((0?(11+0)0+1)*)+(1(1?0)*)))+((((0*(00+1)(0+1))*(0+1))&((1*0)*1?))&(0?1*(01?)*))
2,13,1,53,4,3,1.643175,0.687500,1.000000,0.814815,((0*+1)110*1?)+((((0+1)((0(11+0)+1)*+0))&((101*+0*1)?0?))+(010*))
7,13,1,63,5,3,1.997841,0.812500,0.866667,0.838710,((((1(10)?)*0+1)1?)&((01*(0+1)+1)*+0))+(((((00+1)*+0)(110?)*)&((1*01*)*))&(((1?1)?01*)*))
19,13,1,54,4,3,1.551885,1.000000,0.941176,0.969697,((((1*0)*0+1)01*)&((0(0+1)+1)1*0*(0+1)))+((11*0*(01)*)&(1(0+1)*(0+1)))
18,13,1,56,5,3,2.005605,1.000000,0.800000,0.888889,(((00+1)*(0+1)(0+1)0?)&(((0+1)(10*)*)+((0?(00+1))*0)))+((0(01*)*+1)&((0*10*)*))
1,13,1,56,4,3,1.523574,0.500000,0.615385,0.551724,(((1*(11+0)01?+0)*)&(((1?(0+1)((11+0)1+0))*)+(((11+0)(0+1))*+0)))+(01(0+1)1)
16,13,1,56,5,3,1.94292,0.375000,0.461538,0.413793,(((1?01*0)*1*)&((0+1)(1?01?)*1?))+(((0*(0?1)*)&(((0+1)(0+1))*+0))&((0*+1)01*))
3,13,1,52,4,3,1.557501,0.812500,0.812500,0.812500,((((00+1)(11)?01*)*)&((1?0((0+1)1)*)*))+(((11)*((10)?0)*)&(((1*1+0)(0+1))*))
11,13,1,73,6,3,2.697274,0.187500,0.500000,0.272727,((((1(0+1))?01*)?)&((1?(10?1+0))*))+((((1?((0+1)01*)*)&((1*01+0)*(000+1)0*))+((01)*))&(((0?1+0)0+1)*))
10,12,1,47,4,3,1.606857,0.750000,0.631579,0.685714,((0?(10*)*1)&((1(0+1)*1+0)*))+((((10*+0)(0+1))*10)&(((11)?1?0)*))
12,12,1,56,4,3,1.588101,0.500000,0.444444,0.470588,((((11+0)(01)?)*)&(((1*0)*+1)(01*+1)))+(((0*10*(0+1)(0+1))*)&((1*0)*(0+1)+1*0))
5,12,1,70,6,3,2.254433,0.875000,0.777778,0.823529,(((0*1(10*+0))*)&((1*0((0*1)*+0)01*)+(1*0)))+(((1?((11)*0)*1?)&((0?1)*(10*)?))&((11+0)*10*))
17,12,1,30,4,3,1.613419,1.000000,0.842105,0.914286,((1?01?(((0+1)(0+1))*+0))+((0*1)*00))+(1)
13,12,1,53,4,3,1.546547,0.750000,0.571429,0.648649,((1?0*((0*1)*1)?)&((0+1)(1?01*)*))+(((0(1*0+01)+11)*)&(((0+1)0?(0+1))*))
9,12,1,47,4,3,1.564995,0.812500,0.866667,0.838710,((((0+1)*10+10*)1?)&((0?1(1(101+0)+0)*)+(1*)))+(0100+1*)
4,12,1,78,7,4,2.726405,0.625000,0.714286,0.666667,(((10*(00+1))*+1)&(((1*0)*0+1)1*))+((((1*0(1*+0))&((1(0+1)*1+0)*))+((1*001*)&((0*1)*1)))&((1*(0+1)1+0)*(0+1)))
15,12,1,52,5,3,1.950854,0.687500,0.733333,0.709677,(((10*)*1+(01?)*)&((0?1*0(0+1)(10?)*)+((0+1)*00)))+(1*0(00+11))
8,12,1,88,6,3,2.599986,0.437500,1.000000,0.608696,(((11?(0(000+1)+1)+0)*)&(((((11+0)*+01)(0+1)0*)&(((1*(0+1)1+0)(0+1))*))+(11101)))+(((0+1)(10)?01?)&((1*(0+1)0+01)*))
6,12,1,56,5,3,1.860823,0.937500,0.937500,0.937500,((0*(1(0(01)?0)?)*)&((0*1((1*0)*+11))+(00)))+(((00)?101*)&((0?(010+1))*))
20,12,1,49,5,3,1.941848,0.937500,0.833333,0.882353,(((0+1)1(0+1)*)&(((0?1)*(0+1))+(((0+1)(010+1))*)))+(((10*1)*)&(((0(0+1))?1)*))
14,12,1,71,6,3,2.390084,0.437500,0.700000,0.538462,(((0*10*10?)*)&((((11+0)0+1)*)+(0?1(10*)*)))+((((0*(00+1)(0+1))*(0+1))&((1*0)*1?))&(0?1*(01?)*))
2,12,1,39,4,3,1.599097,0.687500,1.000000,0.814815,((0*+1)110*1?)+(((10)?((11+0)(0*1)?)?)+(010*))
7,12,1,63,5,3,1.991304,0.812500,0.866667,0.838710,((((1(10)?)*0+1)1?)&((01*(0+1)+1)*+0))+(((((00+1)*+0)(110?)*)&((1*01*)*))&(((1?1)?01*)*))
19,12,1,50,4,3,1.554118,1.000000,0.842105,0.914286,(((1*0)*(0+1)01*)&((((00+1)((0+1)1+0))*0?)+(010*)))+(11*0*(0+1))
18,12,1,56,5,3,1.873976,1.000000,0.800000,0.888889,(((00+1)*(0+1)(0+1)0?)&(((0+1)(10*)*)+((0?(00+1))*0)))+((0(01*)*+1)&((0*10*)*))
1,12,1,80,6,3,2.392056,0.375000,0.600000,0.461538,(((1(10*1+0)+0)*)&((((0(0+1))?1(1*0)*)?0)+((0?1((101+0)0)?)*)))+((((0*+1)(0+1)01?)&(((0+1)1+0)*))&((0*1)*+110))
16,12,1,56,5,3,2.008283,0.375000,0.461538,0.413793,(((1?01*0)*1*)&((0+1)(1?01?)*1?))+(((0*(0?1)*)&(((0+1)(0+1))*+0))&((0*+1)01*))
3,12,1,53,4,3,1.490734,0.812500,0.812500,0.812500,((((00(11)?+1)01*)*)&(((0+1)(0+1)+0)*))+((1(10*)*+((0+1)0)*)&((11)*((10)?0)*))
11,12,1,73,6,3,2.722978,0.187500,0.500000,0.272727,((((1(0+1))?01*)?)&((1?(10?1+0))*))+((((1?((0+1)01*)*)&((1*01+0)*(000+1)0*))+((01)*))&(((0?1+0)0+1)*))
10,11,1,47,4,3,1.600938,0.875000,0.666667,0.756757,((0?(10*)*1)&((1(0+1)*1+0)*))+((((0+1)(0*0+1))*10)&(((11)?1?0)*))
12,11,1,51,4,3,1.613029,0.687500,0.733333,0.709677,((((11+0)(01)?)*)&(((1*0)*+1)(01*+1)))+(((10?1+0)((0+1)(0+1))*)&((1*01?)*))
5,11,1,70,6,3,2.35884,0.750000,0.750000,0.750000,(((0*1(10*+0))*)&(((0((0+1)*1+0)0+1)*)+(1*0?0)))+((((0?1)*(10*)?)&((1?(1*0+01))*))&((11+0)*10*))
17,11,1,30,4,3,1.475973,1.000000,0.842105,0.914286,((1?01?(((0+1)(0+1))*+0))+((0*1)*00))+(1)
13,11,1,57,5,3,1.973,0.812500,0.684211,0.742857,((1?0*((0*1)*1)?)&((((01*0+1)0?)*)+(0)))+(((((11)*(0+1))?0)*)&(((01*)*(00+1)1+0)*))
9,11,1,62,5,3,1.894681,0.687500,1.000000,0.814815,((((01*)?10(0*+1))*)&((((01)*(0+1)0*)?)+(0?(1((11+0)1*0)?)*)))+((1*(10)?1)&((1(10)?)*))
4,11,1,63,6,3,2.317197,0.375000,0.545455,0.444444,((1((1*0)*01*)?)&((0?(00+11)+1)*))+(((((1*+0)01*)&(((0+1)(0+1))*+0))+(1111))&(((11+0)1?)*))
15,11,1,45,4,3,1.637189,0.812500,0.764706,0.787879,(((0(010?+1)+1)*)&(0*1*0?01*))+((1?((10)?0)*)&((0+1)*00))
8,11,1,73,6,4,2.238222,0.750000,0.923077,0.827586,(((11(0+1)*+0)*)&((((0+1)*10+01?1)*)+((((0+1)(0+1)10*1?)*)+(1((1?0)*+(11)*)))))+(((0(0+1))*+10)&((1?0)*))
6,11,1,53,4,3,1.537671,0.750000,0.800000,0.774194,((((00)*1)*0?0?)&(((1*0(0+1)0?)*)+((001(11+0)+1)*)))+((0(0+1))*+(0?1)*)
20,11,1,49,5,3,1.927984,0.937500,0.833333,0.882353,(((0+1)1(0+1)*)&(((0?1)*(0+1))+(((0+1)(010+1))*)))+(((10*1)*)&(((0(0+1))?1)*))
14,11,1,67,6,4,2.346766,0.687500,0.846154,0.758621,(((0*110+1)*)&(((0+1)0+1)*))+(((0*(11(01?)*)?)+(((00+1)*01?)&(((11+0)(01)?)*)))&((1*0(01*)*)*))
2,11,1,68,6,3,2.310921,0.812500,0.619048,0.702703,((0?1(10*)*)&(((0+1)0?(0+1))*))+(((((0*11+(10?)*)0?)&(((0*1)*1)?0*))+(0(0*1+10*)))&((1?01*)*))
7,11,1,58,5,4,1.914336,0.687500,0.916667,0.785714,((11(1*01*)*)&((01*(0+1)+1)*))+((((1(0+1))?0)*1?)&(((1?0)?0(1*+0)0?)+((00+1)*)))
19,11,1,70,6,3,2.43672,1.000000,0.666667,0.800000,(((1*0)*(0+1)01*)&(((00)?1(1*0)*1?)+(0(0+1)0*0)))+(((1(0+1)0*1*)&(1*0*1?))+(11(10?)*))
18,11,1,54,5,3,1.985195,1.000000,0.800000,0.888889,(((00+1)*(0+1)(0+1)0?)&((1(10*)*)+((0?(00+1))*0)))+((0(01*)*+1)&((0*10*)*))
1,11,1,80,6,3,2.32292,0.375000,0.600000,0.461538,(((1(10*1+0)+0)*)&((((0(0+1))?1(1*0)*)?0)+((0?1((101+0)0)?)*)))+((((0+1)?(0+1)01?)&(((0+1)1+0)*))&((0*1)*+110))
16,11,1,58,5,3,1.903041,0.375000,0.600000,0.461538,(((01*01?)*1*)&(((01?)*+1)(0+1)))+((((1(0+1))*(0+1)1?)+((000+1)*))&((0+1)((01*)*+1)))
3,11,1,84,7,4,2.780516,0.750000,0.705882,0.727273,((0*(10((00)?1)*)*)&(((0+1)(0+1)+0)*))+((((((00+1)0+1)*0?)&(((1(11+0)(00+1)+01*)*)+(1(10)*0)))+(((11+0)0)*))&((1(0+1)+0)*))
11,11,1,79,7,3,2.72591,0.187500,0.750000,0.300000,(((1(0+1))?01*)&((1?(10?1+0))*))+((((((0+1)01*)*)&((1?0*(00+1)(0+1))?))+((((1?1)?0)*1)&(((0+1)1)*+1)))&(((0?1+0)0+1)*))
10,10,1,49,4,3,1.5576,0.875000,0.666667,0.756757,((0?(10*)*1)&((1(0+1)*1+0)*))+((((0+1)((1(0+1))*+0)0)*)&((1?0)*1*10))
12,10,1,71,6,3,2.336921,0.750000,0.705882,0.727273,((((11+0)(01)*)*)&(((1*0)*01*)+((10*)*1)))+(((1*0(1?0)*1?)&(((0+1)0?(0+1)(0+1))*))&(0?1((0+1)1+0)*))
5,10,1,70,6,3,2.332892,0.750000,0.750000,0.750000,(((0*1(10*+0))*)&(((0((0+1)*1+0)0+1)*)+(1*0?0)))+((((0?1)*(10*)?)&((1?(1*0+01))*))&((11+0)*10*))
17,10,1,39,4,3,1.600299,0.875000,0.823529,0.848485,(((1?01*)*)&((0?(1(0+1)0*)*(0+1))+((0+1)(0?10*)*)))+(1)
13,10,1,57,5,3,1.999248,0.812500,0.684211,0.742857,((1?0*((0*1)*1)?)&((((01*0+1)0?)*)+(0)))+(((((11)*(0+1))?0)*)&(((01*)*(00+1)1+0)*))
9,10,1,66,5,3,1.925341,0.687500,1.000000,0.814815,((0?(1(0(0*+1)+1))*)&(((0?10(1*+0)01?)?)+(((111+0)*+1)10*)))+(((0110+1)*)&(0?1*0?))
4,10,1,63,7,4,2.737982,0.375000,0.545455,0.444444,((1((1*0)*01*)?)&((0?(00+11)+1)*))+(((((1*+0)01*)&(((0+1)(0+1))*+0))+(1111))&(((11+0)1?)*))
15,10,1,75,8,3,3.146683,0.812500,0.764706,0.787879,((((0+1)010?+1)*)&((1*0?01*)+(0(0+1)*)))+((((((1?10)*0)*)&((00+1)1?0*))+((0?1)*))&(((1*0)*01?)+(0(0+1)*)))
8,10,1,68,6,3,2.327079,0.562500,1.000000,0.720000,(((11(0+1)*+0)*)&((((((0+1)1+0)(0+1))*)&(((1*0)*+1)1?1?))+(1(11)*(1?0)*)))+(((010*+1)0)&(((0+1)(0+1))*))
6,10,1,58,7,4,2.740072,0.687500,0.687500,0.687500,(((00+1)*0?)&(((0(0+1)*+1*0)0)+((((1(00+1)+0)1+0)*)&((0*10?)*))))+((0(0+1))*+(0?1)*)
20,10,1,47,6,3,2.324221,0.812500,0.866667,0.838710,(((0+1)(10*)*)&(((0+1)*11)+(((0+1)(01+10))*)))+((((0(0+1))?1)*)&((10*1)*))
14,10,1,55,6,4,2.413852,0.750000,0.800000,0.774194,(((0*110+1)*)&(((0+1)0+1)*))+(((0*(11(01*)*)?)+(((01?)*)&((1?0)*)))&((1*0(01*)*)*))
2,10,1,68,6,3,2.394608,0.812500,0.619048,0.702703,((0?1(10*)*)&(((0+1)0?(0+1))*))+(((((0*11+(10?)*)0?)&(((0*1)*1)?0*))+(0(0*1+10*)))&((1?01*)*))
7,10,1,54,5,4,1.983295,0.687500,0.916667,0.785714,((11(1*01*)*)&((01*(0+1)+1)*))+((((1(0+1))?0)*1?)&(((01+10)*0?)+((00+1)*)))
19,10,1,71,6,3,2.260078,0.937500,0.937500,0.937500,(((0*+1*)1(0*+1))&(((11)*((100)?0)*)+(1*0(01*)?)))+((((1*0)*(00+1))&(((000+1)0*)*))&(1(0+1)*1+0*))
18,10,1,60,5,4,2.036749,0.875000,0.736842,0.800000,(((0+1)1*0((01*)*+1))&((((00+1)1*0)*)+((((0(1?1+0)0+1)0?)*)&(((0+1)1+0)*))))+(1*(10)*)
1,10,1,102,8,3,3.161028,0.500000,0.615385,0.551724,((((11)*01?)*)&((((11+0)((0+1)(00+1)0*)*)&((1*0(0+1)+0)*))+(1*0((0+1)01)?)))+((((111+1*0)*)&(((0+1)(00+1)(0+1)?)*))&((1?(1(0+1)1+0)*)&((0?10*)*)))
16,10,1,55,5,3,2.022879,0.437500,0.636364,0.518519,(((01?0+1)*)&(((0*1+0)0*1?)+((01)*1)))+(((10?11+0)*1?)&((0*+1)01*0?))
3,10,1,77,6,4,2.430474,0.562500,0.450000,0.500000,((0*(10((00)?1)*)*)&(((0+1)(0+1)+0)*))+(((((0+1)0+11)0?)*)&((((1*0(1(0+1)+0)?0)*)&(((0+1)(0+1)1?)*))+((0(11)?)*1*)))
11,10,1,92,9,4,3.604735,0.000000,0.000000,0.000000,(((10+1*)01*)&((1?0?1?(11+0))+(1101)))+((((((1*0)*(00+1))?)&((((0+1)(1?0(00+1))?)?)+((10?)*)))+((001*)&(0*11)))&((0(0+1)*0+1)*))
10,9,1,55,5,4,1.96109,0.875000,0.666667,0.756757,((0?(10*)*1)&((1(0+1)*1+0)*))+((((0+1)((1(0+1))*+0)0)*)&(((0*1(0*1+0))*)&((0+1)*0)))
12,9,1,58,5,3,1.990433,0.625000,0.769231,0.689655,((((11+0)(01)*)*)&(((1*0)*01*)+((10*)*1)))+((1*(1?0)*01?)&((0?(0+1)(0+1)(0+1))*))
5,9,1,55,5,4,1.97416,0.750000,0.571429,0.648649,(0?1*0?0)+((((0(0+1)+1)*(0+1))&((((01*)*+1*0)10*)+(1*000)))+((1?01)*))
17,9,1,47,5,4,1.960457,0.625000,0.714286,0.666667,(((1?01*)*)&((((10*)*0)?(0+1))+((((0?1)*+0)01*)+(((0+1)01*)*0))))+(1)
13,9,1,67,7,4,2.667927,0.812500,0.650000,0.722222,((1?0*((0*1)*1)?)&((((01*0+1)0?)*)+(0)))+(((((0*0+1)0+11)*)&((00+1)*01*0))+(((1?0)*)&((0(0+1))*)))
9,9,1,58,5,3,2.071802,0.750000,1.000000,0.857143,((((0+1)*10)?10*)&(0?10*(1(101+0))?))+(((010*+1*)&(1*(1?0)*))+(0110))
4,9,1,63,7,4,2.77567,0.375000,0.545455,0.444444,((1((1*0)*01*)?)&((0?(00+11)+1)*))+(((((1*+0)01*)&(((0+1)(0+1))*+0))+(1111))&(((11+0)1?)*))
15,9,1,54,7,3,2.695086,0.687500,0.916667,0.785714,(((01?)*+(0?1)*)&((((0+1)*0(0+1)1?)&(0*1*0*1*))+(0010)))+(1*00(0+1))
8,9,1,66,7,4,2.850174,0.562500,1.000000,0.720000,(((11(0+1)*+0)*)&((((((0+1)1+0)(0+1))*)&(((1*01?1?)*)+(1*)))+(1(11)*(1?0)*)))+(((0(0+1))*+10)&((1?0)*))
6,9,1,65,8,4,3.211833,0.625000,0.833333,0.714286,(((00+1)*0?)&(((0(0+1)*+1*0)0)+((((1(00+1)+0)1+0)*)&((0*10?)*))))+((0*10(1*+0))&((0(0+1)+1)*))
20,9,1,51,7,4,2.773716,0.937500,0.833333,0.882353,((1(10*)*)&((0+1)*1(0+1)))+(((((010?1*)?)+((01)*))+(((0(0+1))?1)*))&((1?01*)*))
14,9,1,71,8,4,3.057892,0.687500,0.846154,0.758621,(((0*110+1)*)&(((0+1)0+1)*))+(((((11(01*)*+0)*)&((((11)?01?)*)+(0*1*)))+((0*10)&((01?)*)))&((1*0(01*)*)*))
2,9,1,72,7,4,2.830339,0.812500,0.812500,0.812500,((0?1*10*)&(((0+1)0?(0+1))*))+(((((1*011+0)*1?)&((((0*1)?1)*0?)+(0*1)))+((1(10)?)*))&(((1*01+0)1*)*))
7,9,1,49,5,3,1.968118,0.750000,0.800000,0.774194,((11(1*01*)*)&((01*(0+1)+1)*))+(((((1(0+1))?0)*)&(((00)*+0)(10*)*))+(01))
19,9,1,54,5,3,1.975029,1.000000,0.888889,0.941177,(((1*0)*001*)&(((00(0+1)+1)*0?)+(010*)))+((11*0*(0+1))+(1(1?0)*1))
18,9,1,60,5,3,1.884332,1.000000,0.941176,0.969697,(((0*1(0+1)1?)*)&(1*(1?01?)*))+(((((000+1)0?)*)&(1*(0((01*)*+1))?))&(((1(0+1))*0)*1?))
1,9,1,103,10,4,3.922837,0.375000,0.666667,0.480000,((((11)*01?)*)&((((11+0)1)*001?+0)+(((1?(0+1)01?)*)+(0(0+1)01))))+((((1*01*(0+1))&((1?11+0)*10*))+(((1?0)*)&(10*)))&(((10*(0+1))*)+(((01)?1)*)))
16,9,1,80,8,3,3.254243,0.312500,0.500000,0.384615,(((01?0+1)*)&((0*(0+1)(0*+1))+((1*01?)*1)))+((((((10?)*+0)1?)&(((101+0)1?)*))+((000+1)*))&((1?01*0?)+(0*1*1)))
3,9,1,114,10,4,3.856734,0.375000,0.600000,0.461538,(((1(0*1+0)1+0)*)&(((0((11+0)(0+1)+0)+1)*)+((01*0+1)*)))+((((((1*1+0)0+11)*)&(0?(0?1)*0*))+((((1101*+0)*)&(((00+1)0?)*))&((((0+1)1)*0)*)))&(((1?0+01)*+1*)+(1(1?0)*)))
11,9,1,76,8,3,3.269583,0.062500,0.500000,0.111111,((1?0(1?11)?)+(1(0+1)01?))+(((((1*0)*(00+1))&((0+1)1?(0(00+1))*))+(((001*)?)&((0*11)?)))&((0(0+1)*0+1)*))
10,8,1,61,7,4,2.683101,0.687500,0.647059,0.666667,((0?1(0+1)*)&((((0*1)*)&(((1(0+1)1?+0)*)+((10*1+0)*)))+(((10*11)?0)*)))+((0*10)&(((0+1)0)*))
12,8,1,70,6,3,2.470685,0.687500,0.846154,0.758621,((((11+0)(01)*)*)&(((1*0)*01*)+((10*)*1)))+(((((0(0+1)+1)0+1)*)&((1*(110+01)+0)*))&(((0+1)(0+1))*10*))
5,8,1,55,5,4,1.861661,0.750000,0.705882,0.727273,(0?1*0?0)+((((0(0+1)+1)*(0+1))&(((01*)*1(1*0)*)&(1*0*(10?)*)))+((1?01)*))
17,8,1,42,5,4,2.024686,0.812500,0.764706,0.787879,(((1?01*)*)&(((10*)*1+0)+(((0+1)(0?10?)*)+((0*1)*00))))+(1)
13,8,1,65,6,4,2.276438,0.812500,0.565217,0.666667,((1?0*((0*1)*1)?)&(((0?(0+1)0+1)*)+((1(0+1)+0)*)))+(((01*0+1)*)&((((00+11)1?+0)*)+(((10)?0)*)))
9,8,1,80,8,4,3.253977,0.437500,0.583333,0.500000,((((01)*10*)*)&((((0(1*0+1)+11)*+1)&(((0+1)1*0+1)*))+((((1?0)*+1*)&(1*((0+1)0)*))+(((11+0)1)*))))+((0(10?)*0)&((010*)*))
4,8,1,68,8,4,3.184963,0.437500,0.700000,0.538462,((1((1*0)*01*)?)&(((0(11+0)+1)*)+((1*0)*0)))+(((((1*+0)01*)&(((0+1)(0+1))*+0))+(1111))&(((11+0)1?)*))
15,8,1,67,8,4,3.197198,0.812500,0.928571,0.866667,(((0?1)*+(01?)*)&((((1*0(0+1)1?)*)&((0*(0+1)0*1*)+(1(10?)*)))+((((0+1)0)*)&((0+1)*0))))+(1*00(0+1))
8,8,1,98,11,4,4.324428,0.500000,0.800000,0.615385,((((11+0)(01)?)*)&((((1*0)*+011)&((0*10*)*))+((1?(01+10))*)))+(((1((10*)*+0))+(((1*+0)10*(0+1))&(((11+0)(0+1))*)))&((1(11+0)*)+(((111)?0(0+1))*)))
6,8,1,91,9,3,3.653021,0.750000,0.800000,0.774194,(((00+1)*0?)&(((((0+1)(0?1+0))*)&(((111+0)1?)*))+((1*(10?0)*)&(11*((0+1)0)*))))+(((0*10*1*)&((0(0+1)+1)*))&((1?0(00+1)*)&((0(0+1)+1)*)))
20,8,1,51,8,4,3.046574,0.937500,0.789474,0.857143,((1(10*)*)&((0+1)*1(0+1)))+((((((01)*1)*)+((010?)*))+(((0(0+1))?1)*))&((1?01*)*))
14,8,1,66,7,4,2.864215,0.687500,1.000000,0.814815,(((10?1+0)*)&((1(10*)*)+((11+0)*)))+(((0?1(10*)*)&(((0?1)?1(01*)*)&((1*0+01)*+1)))+(((01)?0)*))
2,8,1,71,7,3,2.809616,0.687500,0.687500,0.687500,(((0+1)(10*)*)&(((1*0)*01*)+((10*1)*)))+(((((0(00+1))*1)*0?)+((0*1)?10*))&(((0*+1)01*)+((1?01?)*)))
7,8,1,74,8,4,3.173071,0.875000,0.875000,0.875000,((1(1*0)*1?)&((((1*0+11)0)*)+((0*1)*)))+((((0((1*0)*+1))&((((00+1)*+0)1?)+(0110)))+((110*)*))&(((11)?01*)*))
19,8,1,68,8,4,3.03702,0.937500,0.750000,0.833333,(((0(0*+1)0+1)*)&((((1*01?)*)&(((0+1)((00+1)0?)*)+((10)*1)))+((((00)?11)*)&((0+1)*1))))+(((10?)*)&(1*01?))
18,8,1,77,7,3,2.855444,0.937500,0.937500,0.937500,(((0*1(0+1)1?)*)&(1*(1?01?)*))+(((((0*1)*1(01+0*))&((0*(001*0+1))*))+(0000))&(((1*0)*(0+1))+((10*)*0)))
1,8,1,111,12,4,4.650229,0.375000,0.666667,0.480000,((((11)*01?)*)&(((((11+0)1)*0(01*)?)&(0?(00+1)*))+(((1?(0+1)01?)*)+(0(0+1)01))))+((((1*01*(0+1))&((1?11+0)*10*))+(((1?0)*)&(10*)))&(((10*(0+1))*)+(((01)?1)*)))
16,8,1,49,7,4,2.723154,0.687500,0.733333,0.709677,((((0(0+1)+1)*)&((0((01*)*+1))+((010+1)*1)))+(01?0*))+(10(1*+0)(0+1))
3,8,1,81,9,4,3.534532,0.562500,0.750000,0.642857,(((1(0(0+1)+1)+0)*)&(((((0+1)(0+1))*01?)&(((10?1?1+0)*)+((0*1)*0)))+((1*(01?)*(10)?)&(((0+1)(0+1))*))))+(((101*)*)&((1(0+1))*))
11,8,1,68,7,3,2.710139,0.250000,1.000000,0.400000,((1?0(1?11)?)+(1(0+1)01?))+(((((1*0)*10*)&(1*0*(01)*))+((00(00+11))?))&((0(0+1)*0+1)*))
10,7,1,74,10,4,3.891043,0.562500,0.692308,0.620690,((1(0+1)*)&(((0*1(0+1))*)+((1(0*+1)1)+(((0+1)01?)*))))+(((((0*1)*(0+1))&(((0(0+1))*10?)+(01*)))+(010*1))&((01*)*))
12,7,1,67,7,4,2.724579,0.437500,0.388889,0.411765,((11(01*)*)&((((0+1)(0+1))*)+((0*1)*)))+((((1(0+1)(0+1)+0)*)&((((1*0)*1+0)0*)+(1*01*)))+((0+1)*001))
5,7,1,71,9,5,3.497256,0.750000,0.666667,0.705882,(0?1*0?0)+((((0?10?)*)&(((1?(1*0+01))*)+((01)*1)))+(((((1*00+1)0)*)+((0*1)*1))&(((1*0)*)+((01?)*1))))
17,7,1,48,6,5,2.309406,0.937500,0.789474,0.857143,(((1?01*)*)&(((10*)*1)+((1?0(10*)*)+((1?001?)+(00(10*)*)))))+(1)
13,7,1,47,5,4,2.02339,0.750000,0.600000,0.666667,(((0*1)*+10)1)+(((1*0*)&((1*0)*0))+(((0(1*0+01))*)&(((0+1)0?(0+1))*)))
9,7,1,64,7,4,2.779514,0.875000,0.875000,0.875000,((((01)*10*)*)&(((((11)?(101+0))*)&(((01*)*(10)*)+((1(10)?)*)))+((10*1*)&(1*0*))))+((010*)*0)
4,7,1,83,9,4,3.595264,0.625000,0.714286,0.666667,(((10*(00+1))*)&(((1*0)*0+1)1*))+(((((0*1)*1+0)&(1*0?01*+1))+(((1(10)?)*+0*)&((1*01?)*)))&(((0+1)((10*)*+0))+((0*1)*1)))
15,7,1,81,11,4,4.251873,0.812500,0.928571,0.866667,(((0?1)*)&(((0+1)*01)+(1*01*)))+(((((00+1)*0?)&(((0(0+1)*0)&((1?0)*))+(((00(0+1)+1)*)&((10*)*))))+((0(01)*)&((0*1)*)))&((0+1)*01?))
8,7,1,95,10,4,4.079103,0.312500,0.714286,0.434783,((((00+1)0+1)*)&((111(0+1)*)+(((0+1)1*0)*)))+(((((0?1)*00)&(((11+0)1?)*))+(((1*(0(0+1))*1?)&((0+1)10*(0+1)))+(01*01)))&((((0+1)1+0)(0+1))*))
6,7,1,98,10,4,4.008614,0.687500,0.733333,0.709677,(((00+1)*0?)&(((((0+1)(0?1+0))*)&(((111+0)1?)*))+((((11*0?0)*)+(1*))&(11*((0+1)0)*))))+(((((0+1)(00+1)+1)*)&((1?0)*1*))&((0*1(01*)*)&(((10*+0)1+0)*)))
20,7,1,56,8,5,3.157046,0.937500,0.882353,0.909091,((1(10*)*)&((0+1)*1(0+1)))+((((010?)*)+(((0?10?)*)&((((01)*1)*)+((00+1)*))))&((1?01*)*))
14,7,1,65,8,4,3.061275,0.750000,0.705882,0.727273,(((((1(0+1))*0)*)&(((0+1)1+0)*))+(((0+1)(0+1)0)*))+(((((0*+1)10*)?1)+(((10*1+0)*)&((10*+01)*)))&((0*1)*))
2,7,1,59,6,3,2.4308,0.687500,0.785714,0.733333,(((0+1)(10*)*)&(((1*0)*0)+(((1*0+1)1)*)))+((((00+1)01*)&(((0+1)1?(0+1))*))+((0*1)?10*))
7,7,1,73,9,4,3.455775,0.875000,0.608696,0.717949,((1(1*01?)*)&(((00+1)*)+((0?(0+1)(0+1))*)))+(((((00)*+0)1?)+((((0?11+0)0+1)*)&((1(0+1)+0)*)))&((((11)?01*)*)+(1*)))
19,7,1,80,9,4,3.533686,0.875000,0.777778,0.823529,(((0?00+1)*)&((11(0+1)*)+((00?(00+11))+(100))))+(((((10?)*)&((1*01?)*))+((0(0+1)0)*))&((1((0+1)*1+0))+((0?10*)*0)))
18,7,1,54,5,4,2.041136,1.000000,1.000000,1.000000,(1*0?10?)+((((00+1)0?)*0)&((((1*0)*01*0)&(1*0(01*)*))+((0*1(0+1))*)))
1,7,1,64,8,4,3.191851,0.375000,0.750000,0.500000,(((1*0)*)&((1(11(10*)*+0*))+(((((00+1)1+0)(0+1))*)+(0))))+((((0+1)(0+1)+0)01)+((((0+1)1)*)&(((01)?1)*)))
16,7,1,72,8,4,3.159011,0.562500,0.818182,0.666667,(((01*)*1*)&((((0*+1)1(01*)*)&(((0?10*)*)+((0(0+1)+1)*)))+((00*1*)&(0(01*)*))))+((10(0+1)1?)+(101*0))
3,7,1,94,9,4,3.633839,0.437500,0.583333,0.500000,(((10?1+0)*)&(((00+1)*0?)+((1?0(1*01)?)*)))+(((((1(10*)*0)*)&(1*(0(1*0+1))*))+((10(0+1)*)&((0?1((00+1)0)?)*)))&((1(11+0)*)+((10?)*0)))
11,7,1,103,11,4,4.400512,0.000000,0.000000,0.000000,(((01*+1)0*)&((1?0(11)?)+((((01)?10*)*)+(0000))))+((((((1*+0)01*)?)&(((10?1(0+1)1?)?)+((01*)*)))+(((1*01)*)&(((0+1)1)*)))&(((((0+1)0)*1)*)+(1*0(101)?)))
10,6,1,74,11,4,4.390179,0.562500,0.692308,0.620690,((1(0+1)*)&(((0*1(0+1))*)+((1(0*+1)1)+(((0+1)01?)*))))+(((((0*1)*(0+1))&(((0(0+1))*10?)+(01*)))+(010*1))&((01*)*))
12,6,1,93,11,5,4.262609,0.562500,0.818182,0.666667,((((0+1)1+0)*)&(((10*)*1+0*0)+(((((0+1)(0+1))*1)+(0001))+((1*0)*0))))+((((0?1(10*)*)*)&((((0+1)(0?1+0))*)&((1*01?)*)))&(((10*(0+1))*)&(1(0+1)*)))
5,6,1,64,8,4,3.247216,0.750000,0.923077,0.827586,((((0?10*)*0)&(((00+1)*0)+(1*01*0)))+(0*10))+((((0+1)0?10?)*)&(((1(0+1)+0)*)+((1?01)*)))
17,6,1,48,6,5,2.364957,0.687500,0.785714,0.733333,(((1?01*)*)&(((10*)*1)+(((0+1)(0(10*)*)?)+(((0?1)*10*)+((01)*0)))))+(1)
13,6,1,51,6,4,2.262749,0.750000,0.600000,0.666667,(((0*1)*+10)1)+(((1*0*)&(((11+0)*)+(10*)))+(((0(1*0+01))*)&((0(0(0+1)*+1))*)))
9,6,1,67,10,4,4.04142,0.875000,0.933333,0.903226,(((((01)*1)*01?)&((((11+0)(101)?)*)+(0(101)*)))+((10*(10)?)+(1*)))+((01(1?0)*)&(((1?0)*)&((01?)*)))
4,6,1,95,12,4,4.784309,0.687500,0.647059,0.666667,(((10*(0+1))*)&(((1*0)*01*)+((((0+1)*11+0)*)&(1(0+1)*))))+(((((10*)*0*)&((1*01*)*+1))+(((0*1*)&((0*1)*1))&((01*)*)))&((((0+1)*1+0)&((11+0)*1?))+(00)))
15,6,1,86,10,5,3.86249,0.750000,0.705882,0.727273,(((0?1)*)&(((0+1)*01)+(1*01*)))+((((((1*1+0)0+01)*)&(((0010?+1)*)+(((((0+1)1)?0)*)&((1*0)*0))))+(((01?)*)&(((0+1)0+1)*)))&((0+1)*01?))
8,6,1,82,10,4,3.93601,0.375000,0.666667,0.480000,(((((0+1)1)*0)*)&(((10*)*)+(((0((11)*0+1))*)+((0(0+1)+1)*))))+(((1(((0+1)1)*+0))&(1((10?)*+0)))+(((((11+0)(0+1))*)&((10*)*))+(0(1*0+1)1)))
6,6,1,76,10,4,3.948908,0.750000,0.923077,0.827586,((((0*1)*0?0)&(((00+1)(10)?)*))+(((11+0)*1)&(0*1*)))+(((1?0(00+1)*)&(0*10*1*))&(((101*+0)*)&((0*1(00)?)*)))
20,6,1,67,9,4,3.533495,0.937500,0.937500,0.937500,((1(10*)*)&((((0+1)10?)*)+(1*11)))+(((((01)*1*)+(((01)?1)*))+((((10)?01+0)*)&((0?10?)*)))&((1?01*)*))
14,6,1,70,8,4,3.164155,0.750000,0.857143,0.800000,(((((1(0+1))*0)*)&(((0+1)1+0)*))+(((0+1)(0+1)0)*))+(((((001)?10*)*)&(((((11+0)0)?1)*)+(1*0*1)))+((010*1)*))
2,6,1,105,13,5,5.253108,0.687500,0.687500,0.687500,(((0+1)(10*)*)&(((1*0)*0)+(((0+1)0?1)*)))+(((((0*1)*1(0+1))&(0*1*01*))+(((((0*1)?1)*)&(0*(0?1)*))+((0*10*)&((0(0+1)+1)*))))&(((1?0*1*)&((1?01*)*))+(((11)?0)*)))
7,6,1,87,10,4,3.989556,0.812500,0.565217,0.666667,((1(1*0)*1?)&(((11(0+1)+0)*)+((((1*0)?01*)*)+((0?1)*))))+((((1*01*)&((11+0)*+01))+(((1?01*0)*)&((0((0+1)1)?)*)))&(((01*)*)+((0?1)*)))
19,6,1,83,9,4,3.467787,0.937500,0.714286,0.810811,(((0?00+1)*)&(((1(0+1)*)&(((0+1)(0+1)+0)*))+(00?(00+11))))+((((0?(0+1)0+1)*)&(((0?1)*0*)&((1*01?)*)))&(((0+1)*01?)&((0?10*)*)))
18,6,1,86,12,5,4.873847,0.937500,1.000000,0.967742,((((0+1)10?)*)&((1*0?1*)+((1?0)*)))+((((0*1*0*)&(((10?)*)+((0+1)*000)))+(((10*)*)&((0*1)*0)))&(((000+1)*0?)+((00+1)*(01)?0)))
1,6,1,101,11,4,4.403359,0.437500,0.636364,0.518519,(((1*0)*)&(((((0+1)(1(0+1)+0))*)&((1*0*)+(((00+1)(10)*)*)))+((0(1(00)?)*)+(1((0+1)(0+1))*))))+((((0(1*1+0))*)&(0(0+1)(0+1)1))+((((1*+0)01)&(((0+1)1+0)*))&(((0+1)0+1)*)))
16,6,1,66,9,6,3.58922,0.687500,0.733333,0.709677,(((01*)*1*)&(((0+1)1?(01*)*)&(((1(00+1)+0)*)+(((01?(0+1))*)+((0*1)*)))))+((10(0+1)1?)+(101*0))
3,6,1,92,10,4,3.880122,0.562500,0.642857,0.600000,(((10?1+0)*)&(((00+1)*0?)+((1?0(1*01)?)*)))+(((((10)*(11+0)*)&(((00+1)0+1)*))+((((10?)*0)&((1*0)*0))&(1(10*)*)))&((1(11+0)*)+((10?)*0)))
11,6,1,98,11,4,4.342923,0.000000,0.000000,0.000000,(((01*+1)0*)&((1?0(11)?)+((((01)?10*)*)+(0000))))+(((((1*+0)01*)&((((11)?01?)*)+(1?0*11)))+(((11)?01)*))&(((((0+1)0)*1)*)+(1*0(101)?)))
10,5,1,59,8,5,3.223612,0.687500,0.785714,0.733333,((010*1)+(((0?10*)*)&(((0+1)*11)+(10*1))))+(((0(0+1))*10)+((1(11+0)*)&((0*1)*0)))
12,5,1,89,11,4,4.238576,0.625000,0.588235,0.606061,(((1*0)*(0+1))&(((((0+1)1+0)*)&((((11+0)(01)*)*)+((0(0+1))*1)))+((10*1)*0*)))+(((((0*1)?1)*)&((((0+1)1+0)*)&((0+1)*1)))+((((1(10)?)*)&((1(0+1))*))&(1*0)))
5,5,1,47,9,6,3.514684,0.750000,0.857143,0.800000,((0*1)*0)+(((1*000)+(1*00))+(((0?1)*0)+((0(0?1)*)&((0(1?1)?)*))))
17,5,1,56,7,6,2.717064,0.687500,0.733333,0.709677,((1?0(0+1)*)&((0(0?1)*)+((10(10*)*)+(((1(0(0+1))*)*)+(((0*1)*00)+((0?1)*0))))))+(1)
13,5,1,56,11,5,4.312982,0.812500,0.541667,0.650000,(((10)?1)+((0*1)*1))+((((0*10*)&(((00+1)0?)*))+(((((0+1)(0+1))*)&((01*0+1)*))+(0)))&((1*0)*))
9,5,1,56,9,4,3.570582,0.937500,1.000000,0.967742,((0?10*1?0)+((((10?1+0)*)&((0+1)*1101))+(1)))+(((01*0+1)*)&((1*)+((0?1)*0)))
4,5,1,75,11,4,4.417022,0.812500,0.866667,0.838710,((1(0+1)*)&((((1*01*)*1)&(((1((0+1)0)?)*)+((1(0+1))*)))+((((10)?(11+0))*)+(1110))))+(((0*1*)&(((0*1)*1)+(0?0)))&((01*)*))
15,5,1,96,15,6,5.830258,0.750000,0.857143,0.800000,(((0?1)*)&((0(0+1)*)+(1*01*)))+(((((0010?+1)*)&(((0+1)(0+1)1?)*))+(((((0+1)0+1)*)&((((1*0)?0)*)&(((1?1)?0)*)))&(((0+1)1+0)*)))&((0(0+1)*)+(((1*01?)*)&(1(0+1)*))))
8,5,1,111,15,6,6.058938,0.562500,0.900000,0.692308,(1(10*)*0)+((((((0(0+1))?1)*)&(((11)*1)+((0+1)10*1)))+(((((1?0)*)&((0(0+1))*))+((((1*0)*)+(((((0+1)1+0)1)*)&(((01)?10?)*)))&((0*1+10*)*)))&(((1*0(0+1))*)+((1*0)*))))&(((0*1)*)+((01*)*)))
6,5,1,66,10,5,3.854352,0.500000,0.727273,0.592593,(((0*1)*00)&(((00+1)*)+((01?)*)))+((((01?)*1*)&(((11+0)*1)+(((0+1)01?)*)))+((10(010+1))+((0?1)*)))
20,5,1,78,10,5,4.062951,1.000000,0.888889,0.941177,((11(0+1)*)&((0?10?)*))+((((01*1)*)&((((0+1)1)*)+(((01)*1)*)))+(((0?10?)*)&((((01?0+1)*)&((1?01?)*))+((((01)?1)*)&(101*)))))
14,5,1,96,12,6,4.795604,0.625000,0.909091,0.740741,((11+0)*)+((((00+1)*01?)&((((00+1)1+0)*)+((10*)*1)))+((((0(10*)*)&(((1?01?)*)&((1*0+01)*)))+((1(10*)*)&(1(1*0)*)))&((((010*)*1)*)+((((0+1)1)*0)*))))
2,5,1,105,16,5,6.221798,0.875000,0.875000,0.875000,(((111+0)*)&((01*)+((10*)*)))+(((((0(0+1)+1)*)&((((1*01?)*)&(0*(1((0+1)0)?)*))+((((11+0)*)+(101*))&((0*1)*1))))+((0?10*)+(((11)?0)*)))&(((0*1)*0)+((0*10*)+((0*1)*))))
7,5,1,84,11,5,4.324189,0.750000,0.600000,0.666667,(((10*)*)&(((10*1)*)+((1*001?)+(((((0+1)(0+1))*)&((1*01?)*))+((1101*)*)))))+(((((11)?0)*)&((01*0)*+0))+((0((0(0+1))*+1))&(0*10*)))
19,5,1,127,17,5,6.690377,1.000000,0.888889,0.941177,(((00+1)*)&(((1*1)&((11)*))+((((00+1)00)+((00)?1(0+1)*))&((1*01*)*))))+((((1*0)*00)+(((1*0)&((10?)*))+((((1*01)*)&((10?)*))+((1*0*1)&((10*)*)))))&((11(0+1)*)+((0?10*0)+((((0+1)0)*(0+1))&((1?01?)*)))))
18,5,1,65,11,4,4.447181,1.000000,1.000000,1.000000,(((0?10+1)*)&(1*(01?)*))+(((((1*11+0)*)&((0+1)*000))+((((1*0)*)&((10*)*))&((0*1)*0)))&(1*0(01*)*))
1,5,1,139,19,7,7.420943,0.437500,0.875000,0.583333,((01*00)&(0(10*)*))+(((((1*0)*0)&((1(11+0)*)+((1(0+1)*11+0)*)))+((((1(10)?)*)&(((0+1)1+0)*))+(((((1*0)*)&(((00+1)(10)*)*))+(((0(1?01)*)*)+((((0+1)1)*)&(((01)?1)*))))&(((01*)*)+(1*010)))))&(((0?1)*0?)+((((0+1)0+1)*)+(0*1))))
16,5,1,91,12,7,4.849049,0.437500,0.636364,0.518519,(((010+1)*)&((0+1)*(0+1)))+(((01?)+((((0(01*)?)*)&((0(0+1)+1)*))+((((1?0)*1)&(((0+1)(0+1))*))+((10(11+0))+(((01*0+1)*)&((101?+0)*))))))&((0+1)*(0+1)))
3,5,1,125,17,5,6.817846,0.437500,0.700000,0.538462,((((0+1)(0+1))*)&(((1*0*1*)&((1?0)*1*))+((((10?)*)+((((0+1)(0+1)0)*)&(((1(0+1))*0)*)))&(((010*+1)*)+((01*)*)))))+((((111+0)*)+(((1?1+0)0)*))&(((((1*01*0)*)&(1(11+0)*))+((101+0)*))+(((11+0)*)&(0*1*0))))
11,5,1,98,15,8,5.981622,0.062500,1.000000,0.117647,((01*)&((1?(11+0))*))+((((0000)?)+((((01+10)*)+((1(101+0)*)+((001*)+((11?01*)&((1(0+1)+0)*)))))&(((0*1)*)+((10*)+(1*0)))))&((((0+1)0+1)*)+(0101)))
10,32,2,23,1,1,7.007179,1.000000,1.000000,1.000000,0?(0010+10*1)(10?)?
12,32,2,58,5,2,1.71081,0.812500,0.619048,0.702703,(((0*1*001*)*(0+1))&(((10*+0)1+0)*))+(((10?1+0)((0+1)(0+1))*)&((1*0)*((11)*+1)))
5,32,2,43,4,2,1.30496,0.812500,1.000000,0.896552,(((0*10*)?(10?1)*0?)&((1*(101*+0))*))+(1*0(1*+0)0)
17,32,2,58,7,3,2.011402,0.625000,0.714286,0.666667,(((10*+0)(11)*(01*)?)&(1?(01*)*))+((((0*1)*0(0+1)0?)+(10(10*)*))&((1?01*)*))
13,32,2,54,5,2,2.371776,0.562500,0.818182,0.666667,(((01?0+1)*+0)&(1*(0(01*)?)*))+((((0*10+1)(11+0))*(1*+0))&(((0+1)(0+1))*1?))
9,32,2,22,1,1,3.659896,1.000000,1.000000,1.000000,0?10*(1(101+0)+0)+1*
4,32,2,52,5,2,7.62552,0.937500,0.789474,0.857143,(((100)?((0*1)*1+0*))&(1?0*(01*+1)))+((1((01)?10*)*)&(((0+1)(0+1)+0)*))
15,32,2,43,4,2,8.459742,0.687500,1.000000,0.814815,((((1*0)?0(0+1)(10*)?)*)&(1*01*(01)*0*))+(1*01?1)
8,32,2,54,5,2,1.557993,0.562500,0.818182,0.666667,((((1*1+0)(11+0)(01)?)*)&((0?1)*0*))+((((1*1+0)0+01)*)&(((00+1)(00+1)+0)*))
6,32,2,54,5,2,9.585461,0.500000,0.615385,0.551724,((1?((001?0?)*+(0?1)*))&((0*1)*0?0?))+((((11+0)(1*1+0))*)&(0*1*(00)?))
20,32,2,21,1,1,2.126224,1.000000,0.888889,0.941177,((1*01*)?(0+1)10?1*)?
14,32,2,79,9,3,2.706826,0.750000,1.000000,0.857143,(((10?1)*(01?)*)&(0*(1(1(0+1)*+0))?))+(((((((0+1)0)?1)*)&(((11+0)0+1)*))+((1*(1?0+01)*)&(((0+1)1+0)*)))&(((0*1)*10*)*))
2,32,2,52,5,2,10.201882,0.875000,0.933333,0.903226,(((0+1)?((0?1(10)?)?10*)?)&(0*1*0*1*))+((0*(0?1)*1)&((0*+1)01*))
7,32,2,22,1,1,6.055857,1.000000,1.000000,1.000000,(((1*0+11)0)*+0)(1(10?)?)?
19,32,2,44,4,2,1.220724,1.000000,0.888889,0.941177,((1*(010+1)(0+1)0*)&((0?(0+1)0+1)*))+((00+1)1*0*(0+1))
18,32,2,44,5,2,1.610541,1.000000,0.842105,0.914286,((((00(0+1)*+1)*0)?1*)&(((1?1+0)(0+1))*))+(((010+1)*)&((1*0)*+1))
1,32,2,64,5,2,9.058485,0.750000,0.923077,0.827586,((((00+1)(00+1)0?+01)*)&((0?1)*(0+1)(01?)*))+((((11+0)(01)*(0+1))*+0)&((0+1)(1*01?)*))
16,32,2,42,4,2,1.215007,0.625000,0.625000,0.625000,(((101*+0)*(0+1)1*)&(0*(1(11+0)*(01)*)?))+((0+1)10?)
3,32,2,36,4,2,1.193218,0.687500,0.733333,0.709677,((((0?1+0)(1(0+1)1?+0))*)&((10?)*(0(011)?)*))+(0*)
11,32,2,61,5,2,7.582419,0.437500,0.700000,0.538462,((((0+1)(0+1)(0+1))?(1*0+1))&(1?(1?01*)*))+((((1*0(0+1)0?)*10*)?)&(0?1*(0(0+1))*))
10,31,2,49,4,2,1.229751,0.562500,0.818182,0.666667,((((0*1)*0)?(1(0+1)*1)?)&((1?0(0+1))*10?1?))+((0+1)10*10?)
12,31,2,58,5,2,1.695245,0.812500,0.619048,0.702703,(((0*1*001*)*(0+1))&(((10*+0)1+0)*))+(((10?1+0)((0+1)(0+1))*)&((1*0)*((11)*+1)))
5,31,2,43,4,2,1.322561,0.812500,1.000000,0.896552,(((0*10*)?(10?1)*0?)&((1*(101*+0))*))+(1*0(1*+0)0)
17,31,2,40,5,3,1.205201,0.875000,0.777778,0.823529,(((10*+0)(11)?(01*)?)&(1?(01*)*))+(1?0(10*+01)*)
13,31,2,54,5,2,2.349126,0.562500,0.818182,0.666667,(((01?0+1)*+0)&(1*(0(01*)?)*))+((((0*10+1)(11+0))*(1*+0))&(((0+1)(0+1))*1?))
9,31,2,49,4,2,1.168867,0.375000,0.750000,0.500000,(((1((0+1)0)*)*((0?1)*0)?)&(1*(0((0+1)*0+1))?))+(010?(1101+0))
4,31,2,52,5,2,1.595724,0.937500,0.789474,0.857143,(((100)?((0*1)*1+0*))&(1?0*(01*+1)))+((1((01)?10*)*)&(((0+1)(0+1)+0)*))
15,31,2,54,5,2,1.594676,0.812500,0.866667,0.838710,((((1*0)?0(0+1)(10*)?)*)&(1*01*(01)?0*))+((0*1*01?1)&(((0+1)0+1)*))
8,31,2,54,5,2,1.58863,0.562500,0.818182,0.666667,((((1*1+0)(11+0)(01)?)*)&((0?1)*0*))+((((1*1+0)0+01)*)&(((00+1)(00+1)+0)*))
6,31,2,54,5,2,1.587164,0.500000,0.615385,0.551724,((1?((001?0?)*+(0?1)*))&((0*1)*0?0?))+((((11+0)(1*1+0))*)&(0*1*(00)?))
20,31,2,46,5,2,1.489262,0.875000,0.700000,0.777778,(((0((0+1)1+10)+1)*)&((1*((0+1)1+0))*))+((((0+1)(01+10))*)&(((0+1)1+0)*))
14,31,2,76,9,3,2.726881,0.812500,0.928571,0.866667,(((1?11)?(01?)*)&((10*)*(1?0)*))+(((((((0+1)0)?1)*)&(((11+0)0+1)*))+((1*(1?0+01)*)&(((0+1)1+0)*)))&(((0*1)*10*)*))
2,31,2,52,5,2,1.942019,0.875000,0.933333,0.903226,(((0+1)?((0?1(10)?)?10*)?)&(0*1*0*1*))+((0*(0?1)*1)&((0*+1)01*))
7,31,2,38,4,2,1.16508,0.812500,0.928571,0.866667,((((11+0)0+1)*+01)&((1*0)*(0+1)1?))+(0?(1(0+1)0)*)
19,31,2,44,4,2,1.191304,1.000000,0.888889,0.941177,((1*(010+1)(0+1)0*)&((0?(0+1)0+1)*))+((00+1)1*0*(0+1))
18,31,2,44,5,2,1.55338,1.000000,0.842105,0.914286,((((00(0+1)*+1)*0)?1*)&(((1?1+0)(0+1))*))+(((010+1)*)&((1*0)*+1))
1,31,2,64,5,2,1.647802,0.750000,0.923077,0.827586,((((00+1)(00+1)0?+01)*)&((0?1)*(0+1)(01?)*))+((((11+0)(01)*(0+1))*+0)&((0+1)(1*01?)*))
16,31,2,42,4,2,1.115809,0.625000,0.625000,0.625000,(((101*+0)*(0+1)1*)&(0*(1(11+0)*(01)*)?))+((0+1)10?)
3,31,2,36,4,2,1.284614,0.687500,0.733333,0.709677,((((0?1+0)(1(0+1)1?+0))*)&((10?)*(0(011)?)*))+(0*)
11,31,2,61,5,2,1.600543,0.437500,0.700000,0.538462,((((0+1)(0+1)(0+1))?(1*0+1))&(1?1?(01*)*))+((((1*0(0+1)0?)*10*)?)&(0?1*(0(0+1))*))
10,30,2,49,4,2,1.18459,0.562500,0.818182,0.666667,((((0*1)*0)?(1(0+1)*1)?)&((1?0(0+1))*10?1?))+((0+1)10*10?)
12,30,2,58,5,2,1.604954,0.812500,0.619048,0.702703,(((0*1*001*)*(0+1))&(((10*+0)1+0)*))+(((10?1+0)((0+1)(0+1))*)&((1*0)*((11)*+1)))
5,30,2,43,4,2,1.37475,0.812500,1.000000,0.896552,(((0*10*)?(10?1)*0?)&((1*(101*+0))*))+(1*0(1*+0)0)
17,30,2,40,5,3,1.182347,0.875000,0.777778,0.823529,(((10*+0)(11)*(01*)?)&(1?(01*)*))+(1?0(10*+01)*)
13,30,2,54,5,2,2.358647,0.562500,0.818182,0.666667,(((01*0+1)*+0)&(1*(0(01*)?)*))+((((0*10+1)(11+0))*(1*+0))&(((0+1)(0+1))*1?))
9,30,2,49,4,2,1.18599,0.375000,0.750000,0.500000,(((1((0+1)0)*)*((0?1)*0)?)&(1*(0((0+1)*0+1))?))+(010?(1101+0))
4,30,2,52,5,2,1.471189,0.937500,0.789474,0.857143,(((100)?((0*1)*1+0*))&(1?0*(01*+1)))+((1((01)?10*)*)&(((0+1)(0+1)+0)*))
15,30,2,43,4,2,1.19415,0.687500,1.000000,0.814815,((((1*0)?0(0+1)(10?)?)*)&(1*01*(01)*0*))+(1*01?1)
8,30,2,54,5,2,1.630172,0.562500,0.818182,0.666667,((((1*1+0)(11+0)(01)?)*)&((0?1)*0*))+((((1*1+0)0+01)*)&(((00+1)(00+1)+0)*))
6,30,2,54,5,2,1.539637,0.437500,0.583333,0.500000,((1?((00(10?)?)*+(0?1)*))&((0*1)*0?0?))+((((11+0)(0+1)1?)*)&(0*1*(00)?))
20,30,2,46,5,2,1.532286,0.875000,0.700000,0.777778,(((0((0+1)1+10)+1)*)&((1*((0+1)1+0))*))+((((0+1)(01+10))*)&(((0+1)1+0)*))
14,30,2,76,9,3,2.800212,0.812500,0.928571,0.866667,(((1?11)?(01?)*)&((10*)*(1?0)*))+(((((((0+1)0)?1)*)&(((11+0)0+1)*))+((1*(1?0+01)*)&(((0+1)1+0)*)))&(((0*1)*10*)*))
2,30,2,52,5,2,1.858432,0.875000,0.933333,0.903226,(((0+1)?((0?1(10)?)?10*)?)&(0*1*0*1*))+((0*(0?1)*1)&((0*+1)01*))
7,30,2,38,4,2,1.194648,0.812500,0.928571,0.866667,((((11+0)0+1)*+01)&((1*0)*(0+1)1?))+(0?(1(0+1)0)*)
19,30,2,44,4,2,1.188099,1.000000,0.888889,0.941177,((1*(010+1)(0+1)0*)&((0?(0+1)0+1)*))+((00+1)1*0*(0+1))
18,30,2,44,5,2,1.592461,1.000000,0.842105,0.914286,((((00(0+1)*+1)*0)?1*)&(((1?1+0)(0+1))*))+(((010+1)*)&((1*0)*+1))
1,30,2,64,5,2,1.52561,0.687500,0.916667,0.785714,((((00+1)(00+1)0?+01)*)&((0?1)*(0+1)(01?)*))+((((11+0)(01)?(0+1))*+0)&((0+1)(1*01?)*))
16,30,2,42,4,2,1.130678,0.625000,0.666667,0.645161,(((101*+0)*(0+1)1*)&(0*(1(11+0)*(01)?)?))+((0+1)10?)
3,30,2,36,4,2,1.186892,0.687500,0.733333,0.709677,((((0?1+0)(1(0+1)1?+0))*)&((10?)*(0(011)?)*))+(0*)
11,30,2,61,5,2,1.615575,0.312500,0.714286,0.434783,((((0+1)(0+1)(0+1))?(1*0+1))&(1?(1?01*)*))+((((1*0(10?+0))*10*)?)&(0?1*(0(0+1))*))
10,29,2,49,4,2,1.190821,0.562500,0.818182,0.666667,((((0*1)*0)?(1(0+1)*1)?)&((1?0(0+1))*10?1?))+((0+1)10*10?)
12,29,2,58,5,2,1.693166,0.812500,0.619048,0.702703,(((0*1*001*)*(0+1))&(((10*+0)1+0)*))+(((10?1+0)((0+1)(0+1))*)&((1*0)*((11)*+1)))
5,29,2,43,4,2,1.361345,0.812500,1.000000,0.896552,(((0*10*)?(10?1)*0?)&((1*(101*+0))*))+(1*0(1*+0)0)
17,29,2,69,8,3,2.349033,0.437500,0.700000,0.538462,(((10*+0)(11)?(01*)?)&(1?(01*)*))+((((0*1(01?0+1)*)&((1*(101+0))*))+(10(10*)*))&((1?01*)*))
13,29,2,54,5,2,2.250075,0.562500,0.818182,0.666667,(((01?0+1)*+0)&(1*(0(01*)?)*))+((((0*10+1)(11+0))*(1*+0))&(((0+1)(0+1))*1?))
9,29,2,49,4,2,1.266291,0.375000,0.750000,0.500000,(((1((0+1)0)*)*((0?1)*0)?)&(1*(0((0+1)*0+1))?))+(010?(1101+0))
4,29,2,52,5,2,1.570029,0.937500,0.789474,0.857143,(((100)?((0*1)*1+0*))&(1?0*(01*+1)))+((1((01)?10*)*)&(((0+1)(0+1)+0)*))
15,29,2,54,5,2,1.518706,0.812500,0.866667,0.838710,((((1*0)?0(0+1)(10*)?)*)&(1*01*(01)?0*))+((0*1*01?1)&(((0+1)0+1)*))
8,29,2,54,5,2,1.646281,0.562500,0.818182,0.666667,((((1*1+0)(11+0)(01)?)*)&((0?1)*0*))+((((1*1+0)0+01)*)&(((00+1)(00+1)+0)*))
6,29,2,54,5,2,1.518736,0.500000,0.615385,0.551724,((1?((001?0?)*+(0?1)*))&((0*1)*0?0?))+((((11+0)(1*1+0))*)&(0*1*(00)?))
20,29,2,46,5,2,1.520519,0.875000,0.700000,0.777778,(((0((0+1)1+10)+1)*)&((1*((0+1)1+0))*))+((((0+1)(01+10))*)&(((0+1)1+0)*))
14,29,2,79,9,3,2.860117,0.750000,1.000000,0.857143,(((10?1)*(01?)*)&(0*(1(1(0+1)*+0))?))+(((((((0+1)0)?1)*)&(((11+0)0+1)*))+((1*(1?0+01)*)&(((0+1)1+0)*)))&(((0*1)*10*)*))
2,29,2,52,5,2,1.878173,0.875000,0.933333,0.903226,(((0+1)?((0?1(10)?)?10*)?)&(0*1*0*1*))+((0*(0?1)*1)&((0*+1)01*))
7,29,2,38,4,2,1.16142,0.812500,0.928571,0.866667,((((11+0)0+1)*+01)&((1*0)*(0+1)1?))+(0?(1(0+1)0)*)
19,29,2,44,4,2,1.200407,1.000000,0.888889,0.941177,((1*(010+1)(0+1)0*)&((0?(0+1)0+1)*))+((00+1)1*0*(0+1))
18,29,2,44,5,2,1.615324,1.000000,0.842105,0.914286,((((00(0+1)*+1)*0)?1*)&(((1?1+0)(0+1))*))+(((010+1)*)&((1*0)*+1))
1,29,2,64,5,2,1.661619,0.687500,0.916667,0.785714,((((00+1)(00+1)0?+01)*)&((0?1)*(0+1)(01?)*))+((((11+0)(01)?(0+1))*+0)&((0+1)(1*01?)*))
16,29,2,42,4,2,1.19062,0.625000,0.666667,0.645161,(((101*+0)*(0+1)1*)&(0*(1(11+0)*(01)?)?))+((0+1)10?)
3,29,2,36,4,2,1.234996,0.687500,0.733333,0.709677,((((0?1+0)(1(0+1)1?+0))*)&((10?)*(0(011)?)*))+(0*)
11,29,2,61,5,2,1.55383,0.437500,0.700000,0.538462,((((0+1)(0+1)(0+1))?(1*0+1))&(1?1?(01*)*))+((((1*0(0+1)0?)*10*)?)&(0?1*(0(0+1))*))
10,28,2,49,4,2,1.26305,0.625000,0.833333,0.714286,((((0*1)*0)?(1(0+1)*1)?)&((1?0(0+1))*10*1?))+((0+1)10*10?)
12,28,2,58,5,2,1.703291,0.812500,0.619048,0.702703,(((0*1*001*)*(0+1))&(((10*+0)1+0)*))+(((10?1+0)((0+1)(0+1))*)&((1*0)*((11)*+1)))
5,28,2,43,4,2,1.323028,0.812500,1.000000,0.896552,(((0*10*)?(10?1)*0?)&((1*(101*+0))*))+(1*0(1*+0)0)
17,28,2,69,8,3,2.43373,0.437500,0.700000,0.538462,(((10*+0)(11)*(01*)?)&(1?(01*)*))+((((0*1(01?0+1)*)&((1*(101+0))*))+(10(10*)*))&((1?01*)*))
13,28,2,54,5,2,2.342756,0.562500,0.818182,0.666667,(((01?0+1)*+0)&(1*(0(01*)?)*))+((((0*10+1)(11+0))*(1*+0))&(((0+1)(0+1))*1?))
9,28,2,49,4,2,1.182717,0.375000,0.750000,0.500000,(((1((0+1)0)*)*((0?1)*0)?)&(1*(0((0+1)*0+1))?))+(010?(1101+0))
4,28,2,52,5,2,1.568712,0.937500,0.789474,0.857143,(((100)?((0*1)*1+0*))&(1?0*(01*+1)))+((1((01)?10*)*)&(((0+1)(0+1)+0)*))
15,28,2,43,4,2,1.185478,0.687500,0.916667,0.785714,((((1*0)*0(0+1)(10*)?)*)&(1*01*(01)*0*))+(1*01?1)
8,28,2,54,5,2,1.580089,0.562500,0.818182,0.666667,((((1*1+0)(11+0)(01)?)*)&((0?1)*0*))+((((1*1+0)0+01)*)&(((00+1)(00+1)+0)*))
6,28,2,54,5,2,1.600183,0.437500,0.583333,0.500000,((1?((00(10?)?)*+(0?1)*))&((0*1)*0?0?))+((((11+0)(1*1+0))*)&(0*1*(00)?))
20,28,2,46,5,2,1.567375,0.875000,0.700000,0.777778,(((0((0+1)1+10)+1)*)&((1*((0+1)1+0))*))+((((0+1)(01+10))*)&(((0+1)1+0)*))
14,28,2,76,9,3,2.820595,0.812500,0.928571,0.866667,(((1?11)?(01?)*)&((10*)*(1?0)*))+(((((((0+1)0)?1)*)&(((11+0)0+1)*))+((1*(1?0+01)*)&(((0+1)1+0)*)))&(((0*1)*10*)*))
2,28,2,52,5,2,1.895029,0.875000,0.933333,0.903226,(((0+1)?((0?1(10)?)?10*)?)&(0*1*0*1*))+((0*(0?1)*1)&((0*+1)01*))
7,28,2,38,4,2,1.14781,0.812500,0.928571,0.866667,((((11+0)0+1)*+01)&((1*0)*(0+1)1?))+(0?(1(0+1)0)*)
19,28,2,44,4,2,1.188208,1.000000,0.888889,0.941177,((1*(010+1)(0+1)0*)&((0?(0+1)0+1)*))+((00+1)1*0*(0+1))
18,28,2,44,5,2,1.60378,1.000000,0.842105,0.914286,((((00(0+1)*+1)*0)?1*)&(((1?1+0)(0+1))*))+(((010+1)*)&((1*0)*+1))
1,28,2,64,5,2,1.670432,0.687500,0.916667,0.785714,((((00+1)(00+1)0?+01)*)&((0?1)*(0+1)(01?)*))+((((11+0)(01)?(0+1))*+0)&((0+1)(1*01?)*))
16,28,2,42,4,2,1.200688,0.625000,0.666667,0.645161,(((101*+0)*(0+1)1*)&(0*(1(11+0)*(01)?)?))+((0+1)10?)
3,28,2,36,4,2,1.19579,0.687500,0.733333,0.709677,((((01*+1)(1(0+1)1?+0))*)&((10?)*(0(011)?)*))+(0*)
11,28,2,61,5,2,1.69168,0.437500,0.700000,0.538462,((((0+1)(0+1)(0+1))?(1*0+1))&(1?1?(01*)*))+((((1*0(0+1)0?)*10*)?)&(0?1*(0(0+1))*))
10,27,2,49,4,2,1.219566,0.562500,0.818182,0.666667,((((0*1)*0)?(1(0+1)*1)?)&((1?0(0+1))*10?1?))+((0+1)10*10?)
12,27,2,58,5,2,1.640428,0.812500,0.619048,0.702703,(((0*1*001*)*(0+1))&(((10*+0)1+0)*))+(((10?1+0)((0+1)(0+1))*)&((1*0)*((11)*+1)))
5,27,2,43,4,2,1.356849,0.812500,1.000000,0.896552,(((0*10*)?(10?1)*0?)&((1*(101*+0))*))+(1*0(1*+0)0)
17,27,2,40,5,3,1.180927,0.875000,0.777778,0.823529,(((10*+0)(11)*(01*)?)&(1?(01*)*))+(1?0(10*+01)*)
13,27,2,54,5,2,2.373362,0.562500,0.818182,0.666667,(((01?0+1)*+0)&(1*(0(01*)?)*))+((((0*10+1)(11+0))*(1*+0))&(((0+1)(0+1))*1?))
9,27,2,49,4,2,1.104187,0.375000,0.750000,0.500000,(((1((0+1)0)*)*((0?1)*0)?)&(1*(0((0+1)*0+1))?))+(010?(1101+0))
4,27,2,52,5,2,1.565113,0.937500,0.789474,0.857143,(((100)?((0*1)*1+0*))&(1?0*(01*+1)))+((1((01)?10*)*)&(((0+1)(0+1)+0)*))
15,27,2,54,5,2,1.612436,0.812500,0.812500,0.812500,((((1*0)*0(0+1)(10?)?)*)&(1*01*(01)?0*))+((0*1*01?1)&(((0+1)0+1)*))
8,27,2,54,5,2,1.571187,0.562500,0.818182,0.666667,((((1*1+0)(11+0)(01)?)*)&((0?1)*0*))+((((1*1+0)0+01)*)&(((00+1)(00+1)+0)*))
6,27,2,54,5,2,1.593713,0.500000,0.615385,0.551724,((1?((001?0?)*+(0?1)*))&((0*1)*0?0?))+((((11+0)(1*1+0))*)&(0*1*(00)?))
20,27,2,46,5,2,1.579862,0.875000,0.700000,0.777778,(((0((0+1)1+10)+1)*)&((1*((0+1)1+0))*))+((((0+1)(01+10))*)&(((0+1)1+0)*))
14,27,2,76,9,3,2.807341,0.812500,0.928571,0.866667,(((1?11)?(01?)*)&((10*)*(1*0)*))+(((((((0+1)0)?1)*)&(((11+0)0+1)*))+((1*(1?0+01)*)&(((0+1)1+0)*)))&(((0*1)*10*)*))
2,27,2,52,5,2,1.882313,0.875000,0.933333,0.903226,(((0+1)?((0?1(10)?)?10*)?)&(0*1*0*1*))+((0*(0?1)*1)&((0*+1)01*))
7,27,2,38,4,2,1.173119,0.812500,0.928571,0.866667,((((11+0)0+1)*+01)&((1*0)*(0+1)1?))+(0?(1(0+1)0)*)
19,27,2,44,4,2,1.18793,1.000000,0.888889,0.941177,((1*(010+1)(0+1)0*)&((0?(0+1)0+1)*))+((00+1)1*0*(0+1))
18,27,2,44,5,2,1.586461,1.000000,0.842105,0.914286,((((00(0+1)*+1)*0)?1*)&(((1?1+0)(0+1))*))+(((010+1)*)&((1*0)*+1))
1,27,2,64,5,2,1.630688,0.687500,0.916667,0.785714,((((00+1)(00+1)0?+01)*)&((0?1)*(0+1)(01?)*))+((((11+0)(01)?(0+1))*+0)&((0+1)(1*01?)*))
16,27,2,42,4,2,1.210637,0.625000,0.625000,0.625000,(((101*+0)*(0+1)1*)&(0*(1(11+0)*(01)*)?))+((0+1)10?)
3,27,2,36,4,2,1.222459,0.687500,0.733333,0.709677,((((0?1+0)(1(0+1)1?+0))*)&((10?)*(0(011)?)*))+(0*)
11,27,2,61,5,2,1.601801,0.437500,0.700000,0.538462,((((0+1)(0+1)(0+1))?(1*0+1))&(1?(1?01*)*))+((((1*0(0+1)0?)*10*)?)&(0?1*(0(0+1))*))
10,26,2,49,4,2,1.186777,0.562500,0.818182,0.666667,((((0*1)*0)?(1(0+1)*1)?)&((1?0(0+1))*10?1?))+((0+1)10*10?)
12,26,2,58,5,2,1.602032,0.812500,0.619048,0.702703,(((0*1*001*)*(0+1))&(((10*+0)1+0)*))+(((10?1+0)((0+1)(0+1))*)&((1*0)*((11)*+1)))
5,26,2,43,4,2,1.323517,0.812500,1.000000,0.896552,(((0*10*)?(10?1)*0?)&((1*(101*+0))*))+(1*0(1*+0)0)
17,26,2,69,8,3,2.362645,0.437500,0.700000,0.538462,(((10*+0)(11)*(01*)?)&(1?(01*)*))+((((0*1(01?0+1)*)&((1*(101+0))*))+(10(10*)*))&((1?01*)*))
13,26,2,54,5,2,2.408494,0.562500,0.818182,0.666667,(((01?0+1)*+0)&(1*(0(01*)?)*))+((((0*10+1)(11+0))*(1*+0))&(((0+1)(0+1))*1?))
9,26,2,49,4,2,1.08769,0.375000,0.750000,0.500000,(((1((0+1)0)*)*((0?1)*0)?)&(1*(0((0+1)*0+1))?))+(010?(1101+0))
4,26,2,52,5,2,1.617839,0.937500,0.789474,0.857143,(((100)?((0*1)*1+0*))&(1?0*(01*+1)))+((1((01)?10*)*)&(((0+1)(0+1)+0)*))
15,26,2,54,5,2,1.513135,0.812500,0.812500,0.812500,((((1*0)*0(0+1)(10?)?)*)&(1*01*(01)?0*))+((0*1*01?1)&(((0+1)0+1)*))
8,26,2,54,5,2,1.55375,0.562500,0.818182,0.666667,((((1*1+0)(11+0)(01)?)*)&((0?1)*0*))+((((1*1+0)0+01)*)&(((00+1)(00+1)+0)*))
6,26,2,54,5,2,1.641246,0.437500,0.583333,0.500000,((1?((00(10?)?)*+(0?1)*))&((0*1)*0?0?))+((((11+0)(1*1+0))*)&(0*1*(00)?))
20,26,2,46,5,2,1.551235,0.875000,0.700000,0.777778,(((0((0+1)1+10)+1)*)&((1*((0+1)1+0))*))+((((0+1)(01+10))*)&(((0+1)1+0)*))
14,26,2,79,9,3,2.659333,0.750000,1.000000,0.857143,(((10?1)*(01?)*)&(0*(1(1(0+1)*+0))?))+(((((((0+1)0)?1)*)&(((11+0)0+1)*))+((1*(1?0+01)*)&(((0+1)1+0)*)))&(((0*1)*10*)*))
2,26,2,52,5,2,1.862416,0.875000,0.933333,0.903226,(((0+1)?((0?1(10)?)?10*)?)&(0*1*0*1*))+((0*(0?1)*1)&((0*+1)01*))
7,26,2,38,4,2,1.217653,0.812500,0.928571,0.866667,((((11+0)0+1)*+01)&((1*0)*(0+1)1?))+(0?(1(0+1)0)*)
19,26,2,44,4,2,1.125014,1.000000,0.888889,0.941177,((1*(010+1)(0+1)0*)&((0?(0+1)0+1)*))+((00+1)1*0*(0+1))
18,26,2,44,5,2,1.560546,1.000000,0.842105,0.914286,((((00(0+1)*+1)*0)?1*)&(((1?1+0)(0+1))*))+(((010+1)*)&((1*0)*+1))
1,26,2,64,5,2,1.565707,0.687500,0.916667,0.785714,((((00+1)(00+1)0?+01)*)&((0?1)*(0+1)(01?)*))+((((11+0)(01)?(0+1))*+0)&((0+1)(1*01?)*))
16,26,2,42,4,2,1.215325,0.625000,0.625000,0.625000,(((101*+0)*(0+1)1*)&(0*(1(11+0)*(01)*)?))+((0+1)10?)
3,26,2,36,4,2,1.117233,0.687500,0.733333,0.709677,((((0?1+0)(1(0+1)1?+0))*)&((10?)*(0(011)?)*))+(0*)
11,26,2,61,5,2,1.672345,0.437500,0.700000,0.538462,((((0+1)(0+1)(0+1))?(1*0+1))&(1?1?(01*)*))+((((1*0(0+1)0?)*10*)?)&(0?1*(0(0+1))*))
10,25,2,49,4,2,1.146213,0.625000,0.833333,0.714286,((((0*1)*0)?(1(0+1)*1)?)&((1?0(0+1))*10*1?))+((0+1)10*10?)
12,25,2,58,5,2,1.758127,0.812500,0.619048,0.702703,(((0*1*001*)*(0+1))&(((10*+0)1+0)*))+(((10?1+0)((0+1)(0+1))*)&((1*0)*((11)*+1)))
5,25,2,43,4,2,1.315147,0.812500,1.000000,0.896552,(((0*10*)?(10?1)*0?)&((1*(101*+0))*))+(1*0(1*+0)0)
17,25,2,40,5,3,1.181122,0.875000,0.777778,0.823529,(((10*+0)(11)*(01*)?)&(1?(01*)*))+(1?0(10*+01)*)
13,25,2,54,5,2,2.197417,0.562500,0.818182,0.666667,(((01?0+1)*+0)&(1*(0(01*)?)*))+((((0*10+1)(11+0))*(1*+0))&(((0+1)(0+1))*1?))
9,25,2,49,4,2,1.171022,0.375000,0.750000,0.500000,(((1((0+1)0)*)*((0?1)*0)?)&(1*(0((0+1)*0+1))?))+(010?(1101+0))
4,25,2,52,5,2,1.522111,0.937500,0.789474,0.857143,(((100)?((0*1)*1+0*))&(1?0*(01*+1)))+((1((01)?10*)*)&(((0+1)(0+1)+0)*))
15,25,2,54,5,2,1.545507,0.812500,0.866667,0.838710,((((1*0)?0(0+1)(10*)?)*)&(1*01*(01)?0*))+((0*1*01?1)&(((0+1)0+1)*))
8,25,2,54,5,2,1.660479,0.562500,0.818182,0.666667,((((1*1+0)(11+0)(01)?)*)&((0?1)*0*))+((((1*1+0)0+01)*)&(((00+1)(00+1)+0)*))
6,25,2,54,5,2,1.519344,0.437500,0.583333,0.500000,((1?((00(10?)?)*+(0?1)*))&((0*1)*0?0?))+((((11+0)(1*1+0))*)&(0*1*(00)?))
20,25,2,46,5,2,1.632494,0.875000,0.700000,0.777778,(((0((0+1)1+10)+1)*)&((1*((0+1)1+0))*))+((((0+1)(01+10))*)&(((0+1)1+0)*))
14,25,2,76,9,3,2.793635,0.812500,0.928571,0.866667,(((1?11)?(01?)*)&((10*)*(1*0)*))+(((((((0+1)0)?1)*)&(((11+0)0+1)*))+((1*(1?0+01)*)&(((0+1)1+0)*)))&(((0*1)*10*)*))
2,25,2,52,5,2,1.90507,0.875000,0.933333,0.903226,(((0+1)?((0?1(10)?)?10*)?)&(0*1*0*1*))+((0*(0?1)*1)&((0*+1)01*))
7,25,2,38,4,2,1.17362,0.812500,0.928571,0.866667,((((11+0)0+1)*+01)&((1*0)*(0+1)1?))+(0?(1(0+1)0)*)
19,25,2,44,4,2,1.122079,1.000000,0.888889,0.941177,((1*(010+1)(0+1)0*)&((0?(0+1)0+1)*))+((00+1)1*0*(0+1))
18,25,2,44,5,2,1.640074,1.000000,0.842105,0.914286,((((00(0+1)*+1)*0)?1*)&(((1?1+0)(0+1))*))+(((010+1)*)&((1*0)*+1))
1,25,2,64,5,2,1.659148,0.750000,0.923077,0.827586,((((00+1)(00+1)0?+01)*)&((0?1)*(0+1)(01?)*))+((((11+0)(01)*(0+1))*+0)&((0+1)(1*01?)*))
16,25,2,42,4,2,1.153581,0.625000,0.666667,0.645161,(((101*+0)*(0+1)1*)&(0*(1(11+0)*(01)?)?))+((0+1)10?)
3,25,2,36,4,2,1.223041,0.687500,0.733333,0.709677,((((0?1+0)(1(0+1)1?+0))*)&((10?)*(0(011)?)*))+(0*)
11,25,2,61,5,2,1.678733,0.437500,0.700000,0.538462,((((0+1)(0+1)(0+1))?(1*0+1))&(1?1?(01*)*))+((((1*0(0+1)0?)*10*)?)&(0?1*(0(0+1))*))
10,24,2,49,4,2,1.218876,0.562500,0.818182,0.666667,((((0*1)*0)?(1(0+1)*1)?)&((1?0(0+1))*10?1?))+((0+1)10*10?)
12,24,2,58,5,2,1.710288,0.812500,0.619048,0.702703,(((0*1*001*)*(0+1))&(((10*+0)1+0)*))+(((10?1+0)((0+1)(0+1))*)&((1*0)*((11)*+1)))
5,24,2,43,4,2,1.264482,0.812500,1.000000,0.896552,(((0*10*)?(10?1)*0?)&((1*(101*+0))*))+(1*0(1*+0)0)
17,24,2,58,7,3,2.046469,0.625000,0.714286,0.666667,(((10*+0)(11)*(01*)?)&(1?(01*)*))+((((0*1)*0(0+1)0?)+(10(10*)*))&((1?01*)*))
13,24,2,54,5,2,2.209902,0.562500,0.818182,0.666667,(((01?0+1)*+0)&(1*(0(01*)?)*))+((((0*10+1)(11+0))*(1*+0))&(((0+1)(0+1))*1?))
9,24,2,49,4,2,1.244562,0.375000,0.750000,0.500000,(((1((0+1)0)*)*((0?1)*0)?)&(1*(0((0+1)*0+1))?))+(010?(1101+0))
4,24,2,52,5,2,1.474574,0.937500,0.789474,0.857143,(((100)?((0*1)*1+0*))&(1?0*(01*+1)))+((1((01)?10*)*)&(((0+1)(0+1)+0)*))
15,24,2,54,5,2,1.631159,0.812500,0.866667,0.838710,((((1*0)?0(0+1)(10?)?)*)&(1*01*(01)?0*))+((0*1*01?1)&(((0+1)0+1)*))
8,24,2,54,5,2,1.578628,0.625000,0.714286,0.666667,((((1*1+0)(11+0)(01)?)*)&((0?1)*0*))+(((1*(0+1)0+01)*)&(((0+1)1)?0(01*)*))
6,24,2,54,5,2,1.602272,0.437500,0.583333,0.500000,((1?((00(10?)?)*+(0?1)*))&((0*1)*0?0?))+((((11+0)(1*1+0))*)&(0*1*(00)?))
20,24,2,46,5,2,1.565489,0.875000,0.700000,0.777778,(((0((0+1)1+10)+1)*)&((1*((0+1)1+0))*))+((((0+1)(01+10))*)&(((0+1)1+0)*))
14,24,2,76,9,3,2.790086,0.812500,0.928571,0.866667,(((1?11)?(01?)*)&((10*)*(1*0)*))+(((((((0+1)0)?1)*)&(((11+0)0+1)*))+((1*(01?+10)*)&(((0+1)1+0)*)))&(((0*1)*10*)*))
2,24,2,52,5,2,1.869871,0.875000,0.933333,0.903226,(((0+1)?((0?1(10)?)?10*)?)&(0*1*0*1*))+((0*(0?1)*1)&((0*+1)01*))
7,24,2,38,4,2,1.162681,0.812500,0.928571,0.866667,((((11+0)0+1)*+01)&((1*0)*(0+1)1?))+(0?(1(0+1)0)*)
19,24,2,44,4,2,1.202347,1.000000,0.888889,0.941177,((1*(010+1)(0+1)0*)&((0?(0+1)0+1)*))+((00+1)1*0*(0+1))
18,24,2,44,5,2,1.611238,1.000000,0.842105,0.914286,((((00(0+1)*+1)*0)?1*)&(((1?1+0)(0+1))*))+(((010+1)*)&((1*0)*+1))
1,24,2,64,5,2,1.661544,0.687500,0.916667,0.785714,((((00+1)(00+1)0?+01)*)&((0?1)*(0+1)(01?)*))+((((11+0)(01)?(0+1))*+0)&((0+1)(1*01?)*))
16,24,2,42,4,2,1.191879,0.625000,0.625000,0.625000,(((101*+0)*(0+1)1*)&(0*(1(11+0)*(01)*)?))+((0+1)10?)
3,24,2,36,4,2,1.233249,0.687500,0.733333,0.709677,((((0?1+0)(1(0+1)1?+0))*)&((10?)*(0(011)?)*))+(0*)
11,24,2,61,5,2,1.679853,0.437500,0.700000,0.538462,((((0+1)(0+1)(0+1))?(1*0+1))&(1?1?(01*)*))+((((1*0(0+1)0?)*10*)?)&(0?1*(0(0+1))*))
10,23,2,49,4,2,1.207865,0.562500,0.818182,0.666667,((((0*1)*0)?(1(0+1)*1)?)&((1?0(0+1))*10?1?))+((0+1)10*10?)
12,23,2,58,5,2,1.690722,0.812500,0.619048,0.702703,(((0*1*001*)*(0+1))&(((10*+0)1+0)*))+(((10?1+0)((0+1)(0+1))*)&((1*0)*((11)*+1)))
5,23,2,43,4,2,1.35513,0.812500,1.000000,0.896552,(((0*10*)?(10?1)*0?)&((1*(101*+0))*))+(1*0(1*+0)0)
17,23,2,69,8,3,2.418973,0.437500,0.700000,0.538462,(((10*+0)(11)?(01*)?)&(1?(01*)*))+((((0*1(01?0+1)*)&((1*(101+0))*))+(10(10*)*))&((1?01*)*))
13,23,2,54,5,2,2.36118,0.562500,0.818182,0.666667,(((01?0+1)*+0)&(1*(0(01*)?)*))+((((0*10+1)(11+0))*(1*+0))&(((0+1)(0+1))*1?))
9,23,2,49,4,2,1.185645,0.375000,0.750000,0.500000,(((1((0+1)0)*)*((0?1)*0)?)&(1*(0((0+1)*0+1))?))+(010?(1101+0))
4,23,2,52,5,2,1.584308,0.937500,0.789474,0.857143,(((100)?((0*1)*1+0*))&(1?0*(01*+1)))+((1((01)?10*)*)&(((0+1)(0+1)+0)*))
15,23,2,43,4,2,1.196762,0.687500,0.916667,0.785714,((((1*0)*0(0+1)(10?)?)*)&(1*01*(01)*0*))+(1*01?1)
8,23,2,54,5,2,1.577041,0.625000,0.714286,0.666667,((((1*1+0)(11+0)(01)?)*)&((0?1)*0*))+(((1*(0+1)0+01)*)&(((0+1)1)?0(01*)*))
6,23,2,54,5,2,1.589761,0.500000,0.615385,0.551724,((1?((001?0?)*+(0?1)*))&((0*1)*0?0?))+((((11+0)(1*1+0))*)&(0*1*(00)?))
20,23,2,46,5,2,1.566544,0.875000,0.700000,0.777778,(((0((0+1)1+10)+1)*)&((1*((0+1)1+0))*))+((((0+1)(01+10))*)&(((0+1)1+0)*))
14,23,2,76,9,3,2.675925,0.812500,0.928571,0.866667,(((1?11)?(01?)*)&((10*)*(1*0)*))+(((((((0+1)0)?1)*)&(((11+0)0+1)*))+((1*(01?+10)*)&(((0+1)1+0)*)))&(((0*1)*10*)*))
2,23,2,52,5,2,1.94059,0.875000,0.933333,0.903226,(((0+1)?((0?1(10)?)?10*)?)&(0*1*0*1*))+((0*(0?1)*1)&((0*+1)01*))
7,23,2,38,4,2,1.147432,0.812500,0.928571,0.866667,((((11+0)0+1)*+01)&((1*0)*(0+1)1?))+(0?(1(0+1)0)*)
19,23,2,44,4,2,1.219593,1.000000,0.888889,0.941177,((1*(010+1)(0+1)0*)&((0?(0+1)0+1)*))+((00+1)1*0*(0+1))
18,23,2,44,5,2,1.604095,1.000000,0.842105,0.914286,((((00(0+1)*+1)*0)?1*)&(((1?1+0)(0+1))*))+(((010+1)*)&((1*0)*+1))
1,23,2,64,5,2,1.672179,0.687500,0.916667,0.785714,((((00+1)(00+1)0?+01)*)&((0?1)*(0+1)(01?)*))+((((11+0)(01)?(0+1))*+0)&((0+1)(1*01?)*))
16,23,2,42,4,2,1.155685,0.625000,0.666667,0.645161,(((101*+0)*(0+1)1*)&(0*(1(11+0)*(01)?)?))+((0+1)10?)
3,23,2,36,4,2,1.233567,0.687500,0.733333,0.709677,((((0?1+0)(1(0+1)1?+0))*)&((10?)*(0(011)?)*))+(0*)
11,23,2,61,5,2,1.695893,0.437500,0.700000,0.538462,((((0+1)(0+1)(0+1))?(1*0+1))&(1?1?(01*)*))+((((1*0(0+1)0?)*10*)?)&(0?1*(0(0+1))*))
10,22,2,49,4,2,1.219683,0.562500,0.818182,0.666667,((((0*1)*0)?(1(0+1)*1)?)&((1?0(0+1))*10?1?))+((0+1)10*10?)
12,22,2,58,5,2,1.6324,0.812500,0.619048,0.702703,(((0*1*001*)*(0+1))&(((10*+0)1+0)*))+(((10?1+0)((0+1)(0+1))*)&((1*0)*((11)*+1)))
5,22,2,43,4,2,1.321998,0.812500,1.000000,0.896552,(((0*10*)?(10?1)*0?)&((1*(101*+0))*))+(1*0(1*+0)0)
17,22,2,69,8,3,2.45436,0.437500,0.700000,0.538462,(((10*+0)(11)?(01*)?)&(1?(01*)*))+((((0*1(01?0+1)*)&((1*(101+0))*))+(10(10*)*))&((1?01*)*))
13,22,2,54,5,2,2.346333,0.562500,0.818182,0.666667,(((01?0+1)*+0)&(1*(0(01*)?)*))+((((0*10+1)(11+0))*(1*+0))&(((0+1)(0+1))*1?))
9,22,2,49,4,2,1.167342,0.375000,0.750000,0.500000,(((1((0+1)0)*)*((0?1)*0)?)&(1*(0((0+1)*0+1))?))+(010?(1101+0))
4,22,2,52,5,2,1.612937,0.937500,0.789474,0.857143,(((100)?((0*1)*1+0*))&(1?0*(01*+1)))+((1((01)?10*)*)&(((0+1)(0+1)+0)*))
15,22,2,43,4,2,1.212203,0.687500,1.000000,0.814815,((((1*0)?0(0+1)(10?)?)*)&(1*01*(01)*0*))+(1*01?1)
8,22,2,54,5,2,1.524377,0.625000,0.714286,0.666667,((((1*1+0)(11+0)(01)?)*)&((0?1)*0*))+(((1*(0+1)0+01)*)&(((0+1)1)?0(01*)*))
6,22,2,54,5,2,1.561651,0.437500,0.583333,0.500000,((1?((00(10?)?)*+(0?1)*))&((0*1)*0?0?))+((((11+0)(1*1+0))*)&(0*1*(00)?))
20,22,2,46,5,2,1.549988,0.875000,0.700000,0.777778,(((0((0+1)1+10)+1)*)&((1*((0+1)1+0))*))+((((0+1)(01+10))*)&(((0+1)1+0)*))
14,22,2,76,9,3,2.737244,0.812500,0.928571,0.866667,(((1?11)?(01?)*)&((10*)*(1?0)*))+(((((((0+1)0)?1)*)&(((11+0)0+1)*))+((1*(01?+10)*)&(((0+1)1+0)*)))&(((0*1)*10*)*))
2,22,2,52,5,2,1.946632,0.875000,0.933333,0.903226,(((0+1)?((0?1(10)?)?10*)?)&(0*1*0*1*))+((0*(0?1)*1)&((0*+1)01*))
7,22,2,38,4,2,1.17292,0.812500,0.928571,0.866667,((((11+0)0+1)*+01)&((1*0)*(0+1)1?))+(0?(1(0+1)0)*)
19,22,2,44,4,2,1.177043,1.000000,0.888889,0.941177,((1*(010+1)(0+1)0*)&((0?(0+1)0+1)*))+((00+1)1*0*(0+1))
18,22,2,44,5,2,1.615339,1.000000,0.842105,0.914286,((((00(0+1)*+1)*0)?1*)&(((1?1+0)(0+1))*))+(((010+1)*)&((1*0)*+1))
1,22,2,64,5,2,1.658687,0.750000,0.923077,0.827586,((((00+1)(00+1)0?+01)*)&((0?1)*(0+1)(01?)*))+((((11+0)(01)*(0+1))*+0)&((0+1)(1*01?)*))
16,22,2,42,4,2,1.197934,0.625000,0.625000,0.625000,(((101*+0)*(0+1)1*)&(0*(1(11+0)*(01)*)?))+((0+1)10?)
3,22,2,36,4,2,1.197842,0.687500,0.733333,0.709677,((((0?1+0)(1(0+1)1?+0))*)&((10?)*(0(011)?)*))+(0*)
11,22,2,61,5,2,1.664416,0.437500,0.700000,0.538462,((((0+1)(0+1)(0+1))?(1*0+1))&(1?1?(01*)*))+((((1*0(0+1)0?)*10*)?)&(0?1*(0(0+1))*))
10,21,2,49,4,2,1.207333,0.625000,0.833333,0.714286,((((0*1)*0)?(1(0+1)*1)?)&((1?0(0+1))*10*1?))+((0+1)10*10?)
12,21,2,58,5,2,1.686812,0.812500,0.619048,0.702703,(((0*1*001*)*(0+1))&(((10*+0)1+0)*))+(((10?1+0)((0+1)(0+1))*)&((1*0)*((11)*+1)))
5,21,2,43,4,2,1.341927,0.812500,1.000000,0.896552,(((0*10*)?(10?1)*0?)&((1*(101*+0))*))+(1*0(1*+0)0)
17,21,2,69,8,3,2.424858,0.437500,0.700000,0.538462,(((10*+0)(11)*(01*)?)&(1?(01*)*))+((((0*1(01?0+1)*)&((1*(101+0))*))+(10(10*)*))&((1?01*)*))
13,21,2,54,5,2,2.362627,0.562500,0.818182,0.666667,(((01?0+1)*+0)&(1*(0(01*)?)*))+((((0*10+1)(11+0))*(1*+0))&(((0+1)(0+1))*1?))
9,21,2,49,4,2,1.175002,0.375000,0.750000,0.500000,(((1((0+1)0)*)*((0?1)*0)?)&(1*(0((0+1)*0+1))?))+(010?(1101+0))
4,21,2,52,5,2,1.581681,0.937500,0.789474,0.857143,(((100)?((0*1)*1+0*))&(1?0*(01*+1)))+((1((01)?10*)*)&(((0+1)(0+1)+0)*))
15,21,2,43,4,2,1.197713,0.687500,0.916667,0.785714,((((1*0)*0(0+1)(10?)?)*)&(1*01*(01)*0*))+(1*01?1)
8,21,2,54,5,2,1.598779,0.562500,0.818182,0.666667,((((1*1+0)(11+0)(01)?)*)&((0?1)*0*))+((((1*1+0)0+01)*)&(((00+1)(00+1)+0)*))
6,21,2,54,5,2,1.602704,0.500000,0.615385,0.551724,((1?((001?0?)*+(0?1)*))&((0*1)*0?0?))+((((11+0)(1*1+0))*)&(0*1*(00)?))
20,21,2,46,5,2,1.567232,0.875000,0.700000,0.777778,(((0((0+1)1+10)+1)*)&((1*((0+1)1+0))*))+((((0+1)(01+10))*)&(((0+1)1+0)*))
14,21,2,76,9,3,2.820755,0.812500,0.928571,0.866667,(((1?11)?(01?)*)&((10*)*(1?0)*))+(((((((0+1)0)?1)*)&(((11+0)0+1)*))+((1*(1?0+01)*)&(((0+1)1+0)*)))&(((0*1)*10*)*))
2,21,2,52,5,2,1.896365,0.875000,0.933333,0.903226,(((0+1)?((0?1(10)?)?10*)?)&(0*1*0*1*))+((0*(0?1)*1)&((0*+1)01*))
7,21,2,38,4,2,1.144228,0.812500,0.928571,0.866667,((((11+0)0+1)*+01)&((1*0)*(0+1)1?))+(0?(1(0+1)0)*)
19,21,2,44,4,2,1.18742,1.000000,0.888889,0.941177,((1*(010+1)(0+1)0*)&((0?(0+1)0+1)*))+((00+1)1*0*(0+1))
18,21,2,44,5,2,1.601897,1.000000,0.842105,0.914286,((((00(0+1)*+1)*0)?1*)&(((1?1+0)(0+1))*))+(((010+1)*)&((1*0)*+1))
1,21,2,64,5,2,1.670791,0.687500,0.916667,0.785714,((((00+1)(00+1)0?+01)*)&((0?1)*(0+1)(01?)*))+((((11+0)(01)?(0+1))*+0)&((0+1)(1*01?)*))
16,21,2,42,4,2,1.202188,0.625000,0.666667,0.645161,(((101*+0)*(0+1)1*)&(0*(1(11+0)*(01)?)?))+((0+1)10?)
3,21,2,36,4,2,1.195557,0.687500,0.733333,0.709677,((((0?1+0)(1(0+1)1?+0))*)&((10?)*(0(011)?)*))+(0*)
11,21,2,61,5,2,1.687781,0.437500,0.700000,0.538462,((((0+1)(0+1)(0+1))?(1*0+1))&(1?1?(01*)*))+((((1*0(0+1)0?)*10*)?)&(0?1*(0(0+1))*))
10,20,2,49,4,2,1.213628,0.562500,0.818182,0.666667,((((0*1)*0)?(1(0+1)*1)?)&((1?0(0+1))*10?1?))+((0+1)10*10?)
12,20,2,58,5,2,1.635102,0.812500,0.619048,0.702703,(((0*1*001*)*(0+1))&(((10*+0)1+0)*))+(((10?1+0)((0+1)(0+1))*)&((1*0)*((11)*+1)))
5,20,2,43,4,2,1.364688,0.812500,1.000000,0.896552,(((0*10*)?(10?1)*0?)&((1*(101*+0))*))+(1*0(1*+0)0)
17,20,2,69,8,3,2.318055,0.437500,0.700000,0.538462,(((10*+0)(11)?(01*)?)&(1?(01*)*))+((((0*1(01?0+1)*)&((1*(101+0))*))+(10(10*)*))&((1?01*)*))
13,20,2,54,5,2,2.386263,0.562500,0.818182,0.666667,(((01?0+1)*+0)&(1*(0(01*)?)*))+((((0*10+1)(11+0))*(1*+0))&(((0+1)(0+1))*1?))
9,20,2,49,4,2,1.197766,0.375000,0.750000,0.500000,(((1((0+1)0)*)*((0?1)*0)?)&(1*(0((0+1)*0+1))?))+(010?(1101+0))
4,20,2,52,5,2,1.565864,0.937500,0.789474,0.857143,(((100)?((0*1)*1+0*))&(1?0*(01*+1)))+((1((01)?10*)*)&(((0+1)(0+1)+0)*))
15,20,2,43,4,2,1.158825,0.687500,1.000000,0.814815,((((1*0)?0(0+1)(10?)?)*)&(1*01*(01)*0*))+(1*01?1)
8,20,2,54,5,2,1.586894,0.625000,0.714286,0.666667,((((1*1+0)(11+0)(01)?)*)&((0?1)*0*))+(((1*(0+1)0+01)*)&(((0+1)1)?0(01*)*))
6,20,2,54,5,2,1.604667,0.500000,0.615385,0.551724,((1?((001?0?)*+(0?1)*))&((0*1)*0?0?))+((((11+0)(1*1+0))*)&(0*1*(00)?))
20,20,2,46,5,2,1.5666,0.875000,0.700000,0.777778,(((0((0+1)1+10)+1)*)&((1*((0+1)1+0))*))+((((0+1)(01+10))*)&(((0+1)1+0)*))
14,20,2,76,9,3,2.806803,0.812500,0.928571,0.866667,(((1?11)?(01?)*)&((10*)*(1?0)*))+(((((((0+1)0)?1)*)&(((11+0)0+1)*))+((1*(1?0+01)*)&(((0+1)1+0)*)))&(((0*1)*10*)*))
2,20,2,52,5,2,1.8962,0.875000,0.933333,0.903226,(((0+1)?((0?1(10)?)?10*)?)&(0*1*0*1*))+((0*(0?1)*1)&((0*+1)01*))
7,20,2,38,4,2,1.161791,0.812500,0.928571,0.866667,((((11+0)0+1)*+01)&((1*0)*(0+1)1?))+(0?(1(0+1)0)*)
19,20,2,44,4,2,1.18844,1.000000,0.888889,0.941177,((1*(010+1)(0+1)0*)&((0?(0+1)0+1)*))+((00+1)1*0*(0+1))
18,20,2,44,5,2,1.601468,1.000000,0.842105,0.914286,((((00(0+1)*+1)*0)?1*)&(((1?1+0)(0+1))*))+(((010+1)*)&((1*0)*+1))
1,20,2,64,5,2,1.659386,0.750000,0.923077,0.827586,((((00+1)(00+1)0?+01)*)&((0?1)*(0+1)(01?)*))+((((11+0)(01)*(0+1))*+0)&((0+1)(1*01?)*))
16,20,2,42,4,2,1.166781,0.625000,0.625000,0.625000,(((101*+0)*(0+1)1*)&(0*(1(11+0)*(01)*)?))+((0+1)10?)
3,20,2,36,4,2,1.209745,0.687500,0.733333,0.709677,((((0?1+0)(1(0+1)1?+0))*)&((10?)*(0(011)?)*))+(0*)
11,20,2,61,5,2,1.688718,0.437500,0.700000,0.538462,((((0+1)(0+1)(0+1))?(1*0+1))&(1?1?(01*)*))+((((1*0(0+1)0?)*10*)?)&(0?1*(0(0+1))*))
10,19,2,49,4,2,1.208202,0.562500,0.818182,0.666667,((((0*1)*0)?(1(0+1)*1)?)&((1?0(0+1))*10?1?))+((0+1)10*10?)
12,19,2,58,5,2,1.711157,0.812500,0.619048,0.702703,(((0*1*001*)*(0+1))&(((10*+0)1+0)*))+(((10?1+0)((0+1)(0+1))*)&((1*0)*((11)*+1)))
5,19,2,43,4,2,1.318562,0.812500,1.000000,0.896552,(((0*10*)?(10?1)*0?)&((1*(101*+0))*))+(1*0(1*+0)0)
17,19,2,40,5,3,1.207479,0.875000,0.777778,0.823529,(((10*+0)(11)?(01*)?)&(1?(01*)*))+(1?0(10*+01)*)
13,19,2,54,5,2,2.376063,0.562500,0.818182,0.666667,(((01?0+1)*+0)&(1*(0(01*)?)*))+((((0*10+1)(11+0))*(1*+0))&(((0+1)(0+1))*1?))
9,19,2,49,4,2,1.124224,0.375000,0.750000,0.500000,(((1((0+1)0)*)*((0?1)*0)?)&(1*(0((0+1)*0+1))?))+(010?(1101+0))
4,19,2,52,5,2,1.633882,0.937500,0.789474,0.857143,(((100)?((0*1)*1+0*))&(1?0*(01*+1)))+((1((01)?10*)*)&(((0+1)(0+1)+0)*))
15,19,2,43,4,2,1.19763,0.687500,0.916667,0.785714,((((1*0)*0(0+1)(10*)?)*)&(1*01*(01)*0*))+(1*01?1)
8,19,2,54,5,2,1.57335,0.562500,0.818182,0.666667,((((1*1+0)(11+0)(01)?)*)&((0?1)*0*))+((((1*1+0)0+01)*)&(((00+1)(00+1)+0)*))
6,19,2,54,5,2,1.605799,0.500000,0.615385,0.551724,((1?((001?0?)*+(0?1)*))&((0*1)*0?0?))+((((11+0)(1*1+0))*)&(0*1*(00)?))
20,19,2,46,5,2,1.55298,0.875000,0.700000,0.777778,(((0((0+1)1+10)+1)*)&((1*((0+1)1+0))*))+((((0+1)(01+10))*)&(((0+1)1+0)*))
14,19,2,76,9,3,2.806734,0.812500,0.928571,0.866667,(((1?11)?(01?)*)&((10*)*(1?0)*))+(((((((0+1)0)?1)*)&(((11+0)0+1)*))+((1*(01?+10)*)&(((0+1)1+0)*)))&(((0*1)*10*)*))
2,19,2,52,5,2,1.868194,0.875000,0.933333,0.903226,(((0+1)?((0?1(10)?)?10*)?)&(0*1*0*1*))+((0*(0?1)*1)&((0*+1)01*))
7,19,2,38,4,2,1.166419,0.812500,0.928571,0.866667,((((11+0)0+1)*+01)&((1*0)*(0+1)1?))+(0?(1(0+1)0)*)
19,19,2,44,4,2,1.211742,1.000000,0.888889,0.941177,((1*(010+1)(0+1)0*)&((0?(0+1)0+1)*))+((00+1)1*0*(0+1))
18,19,2,44,5,2,1.536015,1.000000,0.842105,0.914286,((((00(0+1)*+1)*0)?1*)&(((1?1+0)(0+1))*))+(((010+1)*)&((1*0)*+1))
1,19,2,64,5,2,1.622756,0.687500,0.916667,0.785714,((((00+1)(00+1)0?+01)*)&((0?1)*(0+1)(01?)*))+((((11+0)(01)?(0+1))*+0)&((0+1)(1*01?)*))
16,19,2,42,4,2,1.135884,0.625000,0.625000,0.625000,(((101*+0)*(0+1)1*)&(0*(1(11+0)*(01)*)?))+((0+1)10?)
3,19,2,55,5,2,1.633303,0.562500,0.692308,0.620690,((((0?1+0)(1(0?1+0)+0))*)&((10?)*(0(011)?)*))+(((10+0*)((0+1)1)*)&((10?)*0*))
11,19,2,61,5,2,1.629555,0.312500,0.714286,0.434783,((((0+1)(0+1)(0+1))?(1*0+1))&(1?(1?01*)*))+((((1*0(10?+0))*10*)?)&(0?1*(0(0+1))*))
10,18,2,49,4,2,1.264142,0.625000,0.833333,0.714286,((((0*1)*0)?(1(0+1)*1)?)&((1?0(0+1))*10*1?))+((0+1)10*10?)
12,18,2,58,5,2,1.698533,0.812500,0.619048,0.702703,(((0*1*001*)*(0+1))&(((10*+0)1+0)*))+(((10?1+0)((0+1)(0+1))*)&((1*0)*((11)*+1)))
5,18,2,43,4,2,1.228362,0.812500,1.000000,0.896552,(((0*10*)?(10?1)*0?)&((1*(101*+0))*))+(1*0(1*+0)0)
17,18,2,58,7,3,1.947441,0.625000,0.714286,0.666667,(((10*+0)(11)?(01*)?)&(1?(01*)*))+((((0*1)*0(0+1)0?)+(1(01*0)*))&((1?01*)*))
13,18,2,54,5,2,2.348628,0.562500,0.818182,0.666667,(((01?0+1)*+0)&(1*(0(01*)?)*))+((((0*10+1)(11+0))*(1*+0))&(((0+1)(0+1))*1?))
9,18,2,49,4,2,1.146604,0.625000,0.833333,0.714286,(((1((0+1)0)*)*((0?1)*0)?)&(1*(0((0+1)*0+1))?))+(010*(1101+0))
4,18,2,52,5,2,1.525541,0.937500,0.789474,0.857143,(((100)?((0*1)*1+0*))&(1?0*(01*+1)))+((1((01)?10*)*)&(((0+1)(0+1)+0)*))
15,18,2,54,5,2,1.619402,0.812500,0.866667,0.838710,((((1*0)?0(0+1)(10?)?)*)&(1*01*(01)?0*))+((0*1*01?1)&(((0+1)0+1)*))
8,18,2,54,5,2,1.492443,0.562500,0.818182,0.666667,((((1*1+0)(11+0)(01)?)*)&((0?1)*0*))+((((1*1+0)0+01)*)&(((00+1)(00+1)+0)*))
6,18,2,54,5,2,1.643001,0.437500,0.583333,0.500000,((1?((00(10?)?)*+(0?1)*))&((0*1)*0?0?))+((((11+0)(1*1+0))*)&(0*1*(00)?))
20,18,2,46,5,2,1.566741,0.875000,0.700000,0.777778,(((0((0+1)1+10)+1)*)&((1*((0+1)1+0))*))+((((0+1)(01+10))*)&(((0+1)1+0)*))
14,18,2,79,9,3,2.729925,0.750000,1.000000,0.857143,(((10?1)*(01?)*)&(0*(1(1(0+1)*+0))?))+(((((((0+1)0)?1)*)&(((11+0)0+1)*))+((1*(1?0+01)*)&(((0+1)1+0)*)))&(((0*1)*10*)*))
2,18,2,52,5,2,1.914934,0.875000,0.933333,0.903226,(((0+1)?((0?1(10)?)?10*)?)&(0*1*0*1*))+((0*(0?1)*1)&((0*+1)01*))
7,18,2,38,4,2,1.158459,0.812500,0.928571,0.866667,((((11+0)0+1)*+01)&((1*0)*(0+1)1?))+(0?(1(0+1)0)*)
19,18,2,44,4,2,1.198683,1.000000,0.888889,0.941177,((1*(010+1)(0+1)0*)&((0?(0+1)0+1)*))+((00+1)1*0*(0+1))
18,18,2,44,5,2,1.616579,1.000000,0.842105,0.914286,((((00(0+1)*+1)*0)?1*)&(((1?1+0)(0+1))*))+(((010+1)*)&((1*0)*+1))
1,18,2,64,5,2,1.632439,0.687500,0.916667,0.785714,((((00+1)(00+1)0?+01)*)&((0?1)*(0+1)(01?)*))+((((11+0)(01)?(0+1))*+0)&((0+1)(1*01?)*))
16,18,2,42,4,2,1.154448,0.625000,0.625000,0.625000,(((101*+0)*(0+1)1*)&(0*(1(11+0)*(01)*)?))+((0+1)10?)
3,18,2,36,4,2,1.118691,0.687500,0.733333,0.709677,((((0?1+0)(1(0+1)1?+0))*)&((10?)*(0(011)?)*))+(0*)
11,18,2,61,5,2,1.70175,0.312500,0.714286,0.434783,((((0+1)(0+1)(0+1))?(1*0+1))&(1?1?(01*)*))+((((1*0(10?+0))*10*)?)&(0?1*(0(0+1))*))
10,17,2,49,4,2,1.169242,0.625000,0.833333,0.714286,((((0*1)*0)?(1(0+1)*1)?)&((1?0(0+1))*10*1?))+((0+1)10*10?)
12,17,2,58,5,2,1.564874,0.812500,0.619048,0.702703,(((0*1*001*)*(0+1))&(((10*+0)1+0)*))+(((10?1+0)((0+1)(0+1))*)&((1*0)*((11)*+1)))
5,17,2,43,4,2,1.284822,0.812500,1.000000,0.896552,(((0*10*)?(10?1)*0?)&((1*(101*+0))*))+(1*0(1*+0)0)
17,17,2,40,5,3,1.256815,0.875000,0.777778,0.823529,(((10*+0)(11)*(01*)?)&(1?(01*)*))+(1?0(10*+01)*)
13,17,2,54,5,2,2.306096,0.562500,0.818182,0.666667,(((01?0+1)*+0)&(1*(0(01*)?)*))+((((0*10+1)(11+0))*(1*+0))&(((0+1)(0+1))*1?))
9,17,2,49,4,2,1.207438,0.375000,0.750000,0.500000,(((1((0+1)0)*)*((0?1)*0)?)&(1*(0((0+1)*0+1))?))+(010?(1101+0))
4,17,2,52,5,2,1.566411,0.937500,0.789474,0.857143,(((100)?((0*1)*1+0*))&(1?0*(01*+1)))+((1((01)?10*)*)&(((0+1)(0+1)+0)*))
15,17,2,43,4,2,1.127959,0.687500,1.000000,0.814815,((((1*0)?0(0+1)(10?)?)*)&(1*01*(01)*0*))+(1*01?1)
8,17,2,54,5,2,1.576262,0.625000,0.714286,0.666667,((((1*1+0)(11+0)(01)?)*)&((0?1)*0*))+(((1*(0+1)0+01)*)&(((0+1)1)?0(01*)*))
6,17,2,54,5,2,1.524916,0.500000,0.615385,0.551724,((1?((001?0?)*+(0?1)*))&((0*1)*0?0?))+((((11+0)(1*1+0))*)&(0*1*(00)?))
20,17,2,46,5,2,1.614705,0.875000,0.700000,0.777778,(((0((0+1)1+10)+1)*)&((1*((0+1)1+0))*))+((((0+1)(01+10))*)&(((0+1)1+0)*))
14,17,2,76,9,3,2.710217,0.812500,0.928571,0.866667,(((1?11)?(01?)*)&((10*)*(1*0)*))+(((((((0+1)0)?1)*)&(((11+0)0+1)*))+((1*(01?+10)*)&(((0+1)1+0)*)))&(((0*1)*10*)*))
2,17,2,52,5,2,1.841743,0.875000,0.933333,0.903226,(((0+1)?((0?1(10)?)?10*)?)&(0*1*0*1*))+((0*(0?1)*1)&((0*+1)01*))
7,17,2,38,4,2,1.136258,0.812500,0.928571,0.866667,((((11+0)0+1)*+01)&((1*0)*(0+1)1?))+(0?(1(0+1)0)*)
19,17,2,44,4,2,1.250739,1.000000,0.888889,0.941177,((1*(010+1)(0+1)0*)&((0?(0+1)0+1)*))+((00+1)1*0*(0+1))
18,17,2,44,5,2,1.614959,1.000000,0.842105,0.914286,((((00(0+1)*+1)*0)?1*)&(((1?1+0)(0+1))*))+(((010+1)*)&((1*0)*+1))
1,17,2,64,5,2,1.668261,0.687500,0.916667,0.785714,((((00+1)(00+1)0?+01)*)&((0?1)*(0+1)(01?)*))+((((11+0)(01)?(0+1))*+0)&((0+1)(1*01?)*))
16,17,2,42,4,2,1.139928,0.625000,0.625000,0.625000,(((101*+0)*(0+1)1*)&(0*(1(11+0)*(01)*)?))+((0+1)10?)
3,17,2,36,4,2,1.271316,0.687500,0.733333,0.709677,((((0?1+0)(1(0+1)1?+0))*)&((10?)*(0(011)?)*))+(0*)
11,17,2,61,5,2,1.661188,0.437500,0.700000,0.538462,((((0+1)(0+1)(0+1))?(1*0+1))&(1?(1?01*)*))+((((1*0(0+1)0?)*10*)?)&(0?1*(0(0+1))*))
10,16,2,49,4,2,1.164461,0.625000,0.833333,0.714286,((((0*1)*0)?(1(0+1)*1)?)&((1?0(0+1))*10*1?))+((0+1)10*10?)
12,16,2,58,5,2,1.687172,0.812500,0.619048,0.702703,(((0*1*001*)*(0+1))&(((10*+0)1+0)*))+(((10?1+0)((0+1)(0+1))*)&((1*0)*((11)*+1)))
5,16,2,43,4,2,1.336227,0.812500,1.000000,0.896552,(((0*10*)?(10?1)*0?)&((1*(101*+0))*))+(1*0(1*+0)0)
17,16,2,69,8,3,2.288262,0.437500,0.700000,0.538462,(((10*+0)(11)?(01*)?)&(1?(01*)*))+((((0*1(01?0+1)*)&((1*(101+0))*))+(10(10*)*))&((1?01*)*))
13,16,2,54,5,2,2.260689,0.562500,0.818182,0.666667,(((01?0+1)*+0)&(1*(0(01*)?)*))+((((0*10+1)(11+0))*(1*+0))&(((0+1)(0+1))*1?))
9,16,2,49,4,2,1.245803,0.375000,0.750000,0.500000,(((1((0+1)0)*)*((0?1)*0)?)&(1*(0((0+1)*0+1))?))+(010?(1101+0))
4,16,2,52,5,2,1.582212,0.937500,0.789474,0.857143,(((100)?((0*1)*1+0*))&(1?0*(01*+1)))+((1((01)?10*)*)&(((0+1)(0+1)+0)*))
15,16,2,54,5,2,1.597295,0.812500,0.866667,0.838710,((((1*0)?0(0+1)(10?)?)*)&(1*01*(01)?0*))+((0*1*01?1)&(((0+1)0+1)*))
8,16,2,54,5,2,1.510542,0.562500,0.818182,0.666667,((((1*1+0)(11+0)(01)?)*)&((0?1)*0*))+((((1*1+0)0+01)*)&(((00+1)(00+1)+0)*))
6,16,2,54,5,2,1.65646,0.437500,0.583333,0.500000,((1?((00(10?)?)*+(0?1)*))&((0*1)*0?0?))+((((11+0)(1*1+0))*)&(0*1*(00)?))
20,16,2,46,5,2,1.553533,0.875000,0.700000,0.777778,(((0((0+1)1+10)+1)*)&((1*((0+1)1+0))*))+((((0+1)(01+10))*)&(((0+1)1+0)*))
14,16,2,76,9,3,2.687054,0.812500,0.928571,0.866667,(((1?11)?(01?)*)&((10*)*(1?0)*))+(((((((0+1)0)?1)*)&(((11+0)0+1)*))+((1*(01?+10)*)&(((0+1)1+0)*)))&(((0*1)*10*)*))
2,16,2,52,5,2,1.902684,0.875000,0.933333,0.903226,(((0+1)?((0?1(10)?)?10*)?)&(0*1*0*1*))+((0*(0?1)*1)&((0*+1)01*))
7,16,2,38,4,2,1.150372,0.812500,0.928571,0.866667,((((11+0)0+1)*+01)&((1*0)*(0+1)1?))+(0?(1(0+1)0)*)
19,16,2,44,4,2,1.230688,1.000000,0.888889,0.941177,((1*(010+1)(0+1)0*)&((0?(0+1)0+1)*))+((00+1)1*0*(0+1))
18,16,2,44,5,2,1.588523,1.000000,0.842105,0.914286,((((00(0+1)*+1)*0)?1*)&(((1?1+0)(0+1))*))+(((010+1)*)&((1*0)*+1))
1,16,2,64,5,2,1.631682,0.687500,0.916667,0.785714,((((00+1)(00+1)0?+01)*)&((0?1)*(0+1)(01?)*))+((((11+0)(01)?(0+1))*+0)&((0+1)(1*01?)*))
16,16,2,42,4,2,1.202986,0.625000,0.625000,0.625000,(((101*+0)*(0+1)1*)&(0*(1(11+0)*(01)*)?))+((0+1)10?)
3,16,2,36,4,2,1.221056,0.687500,0.733333,0.709677,((((0?1+0)(1(0+1)1?+0))*)&((10?)*(0(011)?)*))+(0*)
11,16,2,61,5,2,1.665412,0.312500,0.714286,0.434783,((((0+1)(0+1)(0+1))?(1*0+1))&(1?1?(01*)*))+((((1*0(10?+0))*10*)?)&(0?1*(0(0+1))*))
10,15,2,80,9,3,2.68467,0.875000,0.636364,0.736842,(((((0*1)*01*)&(((0*1+0)0+1)*))+(((0+1)1(0+1)*)&((0*1)*1)))&((1?0(0+1)+10)*1*))+(((0?1((0+1)*1+0))*)&(1*0(0*1)*))
12,15,2,69,9,3,2.924708,0.687500,0.523810,0.594595,(((((0?00+1)*)&((0+1)*01*))+(0(10*1)?))&(((10*+0)1+0)*))+(((10?1+0)((0+1)(0+1))*)&((1*0)*((11)*+1)))
5,15,2,50,6,3,1.574596,0.562500,1.000000,0.720000,((((11+0)*10*)+((0*010+1)*))&(((0*1)*+10*)01*))+(1*0(1*+0)0)
17,15,2,62,8,3,2.314991,0.875000,0.777778,0.823529,((((0?((0?1)*+0))&((1?01*)*))+(((01)?10*1?)&((1*0)*1?)))&((0+1)*(0+1)))+(1?0(10*+01)*)
13,15,2,64,8,3,3.200916,0.625000,0.769231,0.689655,(((((11+0)*)&(1*0*))+((01?0+1)*))&(1*(0(01*)?)*))+((((0*10+1)(11+0))*(1*+0))&(((0+1)(0+1))*1?))
9,15,2,57,7,3,1.955052,0.375000,0.857143,0.521739,(((((1(10)?)*(1*0)*)&((10*+0)(10?)*))?)&(1*(0((0+1)*0+1))?))+(010?(1101+0))
4,15,2,72,8,3,2.411927,0.937500,0.714286,0.810811,((((0*+1)(11)?)+(((0+1)*(00+11))&(1?0*1*)))&(1?(0(0+1)*+1)))+(((1(((01)?1+0)0)*)*)&(1((111+1*0)1*)*))
15,15,2,80,9,3,2.807428,0.875000,0.608696,0.717949,(((((01*)*)&(((0+1)(0+1)+1)*))+(((1*0)*(0+1))&(11(0+1)*)))&((1*0)?0(10?)*0?))+(((1*(10(0+1)+0)(0+1))*)&((1?0)*1*01*))
8,15,2,66,8,3,2.372438,0.750000,0.800000,0.774194,((((1*(0(1?1+0))*)&(((111+0)1*)*))+(10))&(((01)?10*)*))+(((1*(0+1)0+01)*)&((((00+1)1+0)(10)?)*))
6,15,2,65,7,3,1.996414,0.937500,0.789474,0.857143,((((0(010*0+1)+1)*)+((1?001?)*))&((0*1)*0?0?))+((((11+0)(0+1)(10?)?)*)&(((111+0)1?)*))
20,15,2,49,7,3,1.893216,0.812500,0.722222,0.764706,((((01(0+1)+1)*)+(10*1))&(((0+1)1?(0+1))*))+((((0+1)(01+10))*)&(((0+1)1+0)*))
14,15,2,80,11,3,3.12338,0.812500,0.928571,0.866667,(((1*(01?)*)&(((11+0)1?)*))&((10*)*(1?0)*))+(((((((0+1)0)?1)*)&(((11+0)0+1)*))+((1*(1?0+01)*)&(((0+1)1+0)*)))&(((0*1)*10*)*))
2,15,2,63,7,3,1.988912,0.750000,1.000000,0.857143,((((1*0)?1?(0+1))&(0?1(11+0)*))+((((11+0)(0+1))*+0)&((0*1)*0?)))+(((10+0*)1+0)1?10*)
7,15,2,38,6,3,1.566083,0.812500,0.928571,0.866667,(((((11+0)0+1)*)+(01))&((1*0)*(0+1)1?))+(0?(1(0+1)0)*)
19,15,2,63,8,3,2.3932,1.000000,0.800000,0.888889,(((((11)*(1?0)*)&((0?10*)*))+(((1?01)*)&((10?)*)))&(1*(1*0)*((0+1)0+1)))+((00+1)1*0*(0+1))
18,15,2,70,9,3,2.784207,1.000000,0.941176,0.969697,((((1(10*)*)&(1*0((01*)*+1)))+((((00+1)0+1)*)&((00(0+1)*+1)*)))&((0?1)*(1*0)*))+(((0(00+1)0+1)*)&((1*0)*))
1,15,2,100,12,3,3.444248,0.375000,0.750000,0.500000,(((((0+1)(00+1))*)+(((00+1)1?0*)&(((0+1)1?01?)*)))&(1?((0+1)(11+0))*1?))+((((0(0+1))*+0)+(((0?1(101*0)?)*)&((1(10*1+0)+0)*)))&((0+1)(1*01?)*))
16,15,2,68,9,3,2.851106,0.437500,0.777778,0.560000,((((0*1(11+0)*)&((01?(0+1)0+1)*))+((1?0)*(0+1)))&(0*(1(0?0)?)*))+(((1?0)*(11+0))&(((010+1)0*)*))
3,15,2,82,8,3,2.468776,0.437500,0.636364,0.518519,((((1*((01*+1)0)*)&(((1(0+1))*0)*))+(((0+1)(101+0))*))&(((000+1)*(0+1)1)*0*))+((((0+1)(0(11+0)0?+1))*)&(((00+1)(0+1)+1)*))
11,15,2,87,9,3,2.680732,0.312500,0.833333,0.454545,((((((0(0+1)0+1)0?)*)&((1*0)*1+(00)*))+((((00)?1+10)*)&((1*01*)*)))&((((0+1)(01)*1)*+1)0*))+(((10*+0)((0+1)1?1)?)&((01*+10)*))
10,14,2,80,9,3,2.856912,0.875000,0.636364,0.736842,(((((0*1)*01*)&(((0*1+0)0+1)*))+(((0+1)1(0+1)*)&((0*1)*1)))&((1?0(0+1)+10)*1*))+(((0?1((0+1)*1+0))*)&(1*0(0*1)*))
12,14,2,116,16,3,4.632138,0.437500,0.466667,0.451613,(((((0?00+1)*)&((0+1)*01*))+(0(10*1)?))&(((10*+0)1+0)*))+(((((10?(0+1))*)&(1(0?10?)*))+(((0?1(01?0)*)*)&((0+1)*0(10?1)*)))&((1*0?1?)+((((11+0)(01)*)*)&((0?(00+1))*))))
5,14,2,50,6,3,1.623112,0.562500,1.000000,0.720000,((((11+0)*10*)+((0*010+1)*))&(((0*1)*+10*)01*))+(1*0(1*+0)0)
17,14,2,62,8,3,2.281886,0.875000,0.777778,0.823529,((((0?((0?1)*+0))&((1?01*)*))+(((01)?10*1?)&((1*0)*1?)))&((0+1)*(0+1)))+(1?0(10*+01)*)
13,14,2,87,12,3,3.907342,0.437500,0.636364,0.518519,(((((11+0)*)&(1*0*))+((01?0+1)*))&(1*(0(01*)?)*))+(((((0(1*+0)0+1)*)&((1*0)*))+(((0?10?)*1)&((1?0)*1*)))&((((0*1)?0+1)(11+0))*1*))
9,14,2,57,7,3,1.966497,0.375000,0.857143,0.521739,(((((1(10)?)*(1*0)*)&((10*+0)(10?)*))?)&(1*(0((0+1)*0+1))?))+(010?(1101+0))
4,14,2,80,11,3,3.196734,0.812500,0.928571,0.866667,((((0*+1)(11)?)+(((0+1)*(00+11))&(1?0*1*)))&(1?(0(0+1)*+1)))+((((1((0+1)0)?)*)+(((1*0)*0)&((10*)*)))&(1((0+1)((0+1)(0+1)+0))*))
15,14,2,91,12,3,3.617012,0.562500,0.642857,0.600000,(((((01*)*)&(((0+1)(0+1)+1)*))+(((1*0)*(0+1))&(11(0+1)*)))&((1*0)?0(10?)*0?))+((((((101+0)1?)*)&(((0+1)0+1)*))+((10?(0+1)1)*))&((0+1)*(00+1)))
8,14,2,85,11,3,3.080674,0.750000,0.857143,0.800000,((((1*(1*0(0+1))*)&(((111+0)1*)*))+((0?1(0+1))&(1*01*)))&(((01)?10*)*))+(((1?((0+1)(0+1))*)&((1*0+01)*))&((((00+1)1+0)(10)?)*))
6,14,2,79,8,3,2.443629,0.750000,0.800000,0.774194,(((((0(0(0+1)*0+1)+1)*)&((((0+1)0)?1)*0*))+((1?001?)*))&(0*(10?0)*1*))+((((11+0)(0+1)(10?)?)*)&(((111+0)1?)*))
20,14,2,49,7,3,1.966604,0.812500,0.722222,0.764706,((((01(0+1)+1)*)+(10*1))&(((0+1)1?(0+1))*))+((((0+1)(01+10))*)&(((0+1)1+0)*))
14,14,2,80,11,3,3.064573,0.812500,0.928571,0.866667,(((1*(01?)*)&(((11+0)1?)*))&((10*)*(1*0)*))+(((((((0+1)0)?1)*)&(((11+0)0+1)*))+((1*(1?0+01)*)&(((0+1)1+0)*)))&(((0*1)*10*)*))
2,14,2,98,12,3,3.53997,0.750000,0.705882,0.727273,((((1*0)?1?(0+1))&(0?1(11+0)*))+((((11+0)(0+1))*+0)&((0*1)*0?)))+(((((010*+1)*)&((1?(11+0))*))+(((0?(000+1))*)&(0*1*10*)))&(((0+1)0*(00+1))*))
7,14,2,38,6,3,1.513837,0.812500,0.928571,0.866667,(((((11+0)0+1)*)+(01))&((1*0)*(0+1)1?))+(0?(1(0+1)0)*)
19,14,2,63,8,3,2.339094,1.000000,0.800000,0.888889,(((((11)*(1?0)*)&((0?10*)*))+(((1?01)*)&((10?)*)))&(1*(1?0)*((0+1)0+1)))+((00+1)1*0*(0+1))
18,14,2,70,9,3,2.678085,1.000000,0.941176,0.969697,((((1(10*)*)&(1*0((01*)*+1)))+((((00+1)0+1)*)&((00(0+1)*+1)*)))&((0?1)*(1*0)*))+(((0(00+1)0+1)*)&((1*0)*))
1,14,2,105,12,3,3.529353,0.375000,0.857143,0.521739,(((((0+1)(00+1))*)+(((00+1)1?0*)&(((0+1)1?01?)*)))&(1?((0+1)(11+0))*1?))+((((0(0+1))*+0)+((((111*01?)?0)*)&((1(10*1+0)+0)*)))&((0*((00+1)0+1))*(0+1)))
16,14,2,68,9,3,2.706303,0.437500,0.777778,0.560000,((((0*1(11+0)*)&((01?(0+1)0+1)*))+((1?0)*(0+1)))&(0*(1(0?0)?)*))+(((1?0)*(11+0))&(((010+1)0*)*))
3,14,2,107,12,3,3.60512,0.687500,0.785714,0.733333,((((1*((01*+1)0)*)&(((1(0+1))*0)*))+(((0+1)(101+0))*))&(((000+1)*(0+1)1)*0*))+(((((1(0*0+1))*)&(10*1*))+((((00+1)(0+1)+01)*)&((1?(101*+0))*)))&(((0?0+1)(0+1))*))
11,14,2,87,9,3,2.747744,0.312500,0.833333,0.454545,((((((0(0+1)0+1)0?)*)&((1*0)*1+(00)*))+((((00)?1+10)*)&((1*01*)*)))&((((0+1)(01)*1)*+1)0*))+(((10*+0)((0+1)1*1)?)&((01*+10)*))
10,13,2,80,9,3,2.728285,0.875000,0.636364,0.736842,(((((0*1)*01*)&(((0*1+0)0+1)*))+(((0+1)1(0+1)*)&((0*1)*1)))&((1?0(0+1)+10)*1*))+(((0?1((0+1)*1+0))*)&(1*0(0*1)*))
12,13,2,116,16,3,4.692021,0.437500,0.466667,0.451613,(((((0?00+1)*)&((0+1)*01*))+(0(10*1)?))&(((10*+0)1+0)*))+(((((10?(0+1))*)&(1(0?10?)*))+(((0?1(01?0)*)*)&((0+1)*0(10*1)*)))&((1*0?1?)+((((11+0)(01)*)*)&((0?(00+1))*))))
5,13,2,50,6,3,1.602602,0.562500,1.000000,0.720000,((((11+0)*10*)+((0*010+1)*))&(((0*1)*+10*)01*))+(1*0(1*+0)0)
17,13,2,62,8,3,2.390046,0.875000,0.777778,0.823529,((((0?((0?1)*+0))&((1?01*)*))+(((01)?10*1?)&((1*0)*1?)))&((0+1)*(0+1)))+(1?0(10*+01)*)
13,13,2,87,12,3,3.724141,0.500000,0.666667,0.571429,(((((11+0)*)&(1*0*))+((01?0+1)*))&(1*(0(01*)?)*))+(((((0(1*+0)0+1)*)&((1*0)*))+(((0?10?)*1)&((1?0)*1*)))&((((0?1)*0+1)(11+0))*1*))
9,13,2,57,7,3,1.938236,0.625000,0.909091,0.740741,(((((1(10)?)*(1*0)*)&((10*+0)(10?)*))?)&(1*(0((0+1)*0+1))?))+(010*(1101+0))
4,13,2,80,11,3,3.112883,0.812500,0.928571,0.866667,((((0*+1)(11)?)+(((0+1)*(00+11))&(1?0*1*)))&(1?(0(0+1)*+1)))+((((1((0+1)0)?)*)+(((1*0)*0)&((10*)*)))&(1((0+1)((0+1)(0+1)+0))*))
15,13,2,85,12,3,3.629875,0.750000,0.857143,0.800000,(((((01*)*)&(((0+1)(0+1)+1)*))+(((1*0)*(0+1))&(11(0+1)*)))&((01*(1?0)*)+((1*0*(01)*)&(1*0(0?1)*0*))))+(((10?(0+1)1)*)&((0+1)*1))
8,13,2,85,11,3,3.199693,0.750000,0.800000,0.774194,((((1*(1*0(0+1))*)&(((111+0)1*)*))+((0?1(0+1))&(1*01*)))&(((01)?10*)*))+(((1?((0+1)(0+1))*)&((1*0+01)*))&(((11+0)((01)*+10))*))
6,13,2,105,12,3,3.454881,0.750000,0.750000,0.750000,(((((0(0(0+1)*0+1)+1)*)&((((0+1)0)?1)*0*))+((1?001?)*))&(0*(10?0)*1*))+((((0*1(10*)*)&((1(11+0)+0)*))+(((1*0(0*+1)0)*)&(((0+1)(0?1+0))*)))&(((11+0)1?)*))
20,13,2,49,7,3,2.01003,0.812500,0.722222,0.764706,((((01(0+1)+1)*)+(10*1))&(((0+1)1?(0+1))*))+((((0+1)(01+10))*)&(((0+1)1+0)*))
14,13,2,80,11,3,3.10052,0.812500,0.928571,0.866667,(((1*(01?)*)&(((11+0)1?)*))&((10*)*(1?0)*))+(((((((0+1)0)?1)*)&(((11+0)0+1)*))+((1*(1?0+01)*)&(((0+1)1+0)*)))&(((0*1)*10*)*))
2,13,2,98,12,3,3.529133,0.750000,0.631579,0.685714,((((1*0)?1?(0+1))&(0?1(11+0)*))+((((11+0)(0+1))*+0)&((0*1)*0?)))+(((((010*+1)*)&((1?(11+0))*))+(((0?(000+1))*)&((0*1)*10*)))&(((0+1)0*(00+1))*))
7,13,2,38,6,3,1.511667,0.812500,0.928571,0.866667,(((((11+0)0+1)*)+(01))&((1*0)*(0+1)1?))+(0?(1(0+1)0)*)
19,13,2,81,12,3,3.496152,0.937500,0.789474,0.857143,(((((11)*(1?0)*)&((0?10*)*))+(((1?01)*)&((10?)*)))&(1*(1*0)*((0+1)0+1)))+(((1*0*01?)&(((000+1)0*)*))+((001*)&((0*1)*)))
18,13,2,70,9,3,2.838254,1.000000,0.941176,0.969697,((((1(10*)*)&(1*0((01*)*+1)))+((((00+1)0+1)*)&((00(0+1)*+1)*)))&((0?1)*(1*0)*))+(((0(00+1)0+1)*)&((1*0)*))
1,13,2,100,12,3,3.433569,0.375000,0.750000,0.500000,(((((0+1)(00+1))*)+(((00+1)1?0*)&(((0+1)1?01?)*)))&(1?((0+1)(11+0))*1?))+((((0(0+1))*+0)+(((0?1(101*0)?)*)&((1(10*1+0)+0)*)))&((0+1)(1*01?)*))
16,13,2,68,9,3,2.767464,0.437500,0.777778,0.560000,((((0*1(11+0)*)&((01?(0+1)0+1)*))+((1?0)*(0+1)))&(0*(1(0?0)?)*))+(((1?0)*(11+0))&(((010+1)0*)*))
3,13,2,107,12,3,3.576881,0.687500,0.785714,0.733333,((((1*((01*+1)0)*)&(((1(0+1))*0)*))+(((0+1)(101+0))*))&(((000+1)*(0+1)1)*0*))+(((((1(0*0+1))*)&(10*1*))+((((00+1)(0+1)+01)*)&((1?(101*+0))*)))&(((0?0+1)(0+1))*))
11,13,2,100,12,3,3.549763,0.062500,0.333333,0.105263,((((((0(0+1)0+1)0?)*)&((1*0)*1+(00)*))+((((00)?1+10)*)&((1*01*)*)))&((((0+1)(01)*1)*+1)0*))+((((00+1)*(0+1))&(0*10*+0))+(((0?1)*10*)&((1?01*)*)))
10,12,2,99,14,3,3.922664,0.875000,0.636364,0.736842,(((((0*1)*01*)&(((0*1+0)0+1)*))+(((0+1)1(0+1)*)&((0*1)*1)))&(((((0+1)(0+1)1?)*)&(0*1(0(1?1)?)*))+((0?1)*)))+((((1(0*1+0))*)+(0?1(0+1)*1))&((0+1)*(0+1)))
12,12,2,116,16,3,4.685244,0.437500,0.466667,0.451613,(((((0?00+1)*)&((0+1)*01*))+(0(10*1)?))&(((10*+0)1+0)*))+(((((10?(0+1))*)&(1(0?10?)*))+(((0?1(01?0)*)*)&((0+1)*0(10*1)*)))&((1*0?1?)+((((11+0)(01)*)*)&((0?(00+1))*))))
5,12,2,57,8,3,2.025482,0.562500,1.000000,0.720000,((((11+0)*10*)+((0*010+1)*))&((0?1*0(0*+1))+((0*1(0+1))*)))+(1*0(1*+0)0)
17,12,2,78,11,3,3.052824,0.875000,0.823529,0.848485,((((0?((0?1)*+0))&((1?01*)*))+(((01)?10*1?)&((1*0)*1?)))&((0+1)*(0+1)))+((((0*1)*0(0+1))+(1?0(10*)*))&((1?01*)*))
13,12,2,103,16,3,4.732343,0.500000,0.666667,0.571429,(((((11+0)*)&(1*0*))+((01?0+1)*))&(1*(0(01*)?)*))+(((((0(1*+0)0+1)*)&((1*0)*))+(((0?10?)*1)&((1?0)*1*)))&(((((101*)?0)*)&(((0+1)(0+1))*))+((((0*1)*10?)*)&((0*1)*))))
9,12,2,57,7,3,1.965589,0.375000,0.857143,0.521739,(((((1(10)?)*(1*0)*)&((10*+0)(10?)*))?)&(1*(0((0+1)*0+1))?))+(010?(1101+0))
4,12,2,80,11,3,3.100987,0.937500,0.937500,0.937500,((((0*+1)(11)?)+(((0+1)*(00+11))&(1?0*1*)))&(1?(0(0+1)*+1)))+((((1((0+1)0)?)*)+(((1*0)*0)&((10*)*)))&(1(1*01*+111)*))
15,12,2,85,12,3,3.511526,0.750000,0.857143,0.800000,(((((01*)*)&(((0+1)(0+1)+1)*))+(((1*0)*(0+1))&(11(0+1)*)))&((01*(1?0)*)+((1*0*(01)*)&(1*0(0?1)*0*))))+(((10?(0+1)1)*)&((0+1)*1))
8,12,2,85,11,3,3.151415,0.750000,0.857143,0.800000,((((1*(1*0(0+1))*)&(((111+0)1*)*))+((0?1(0+1))&(1*01*)))&(((01)?10*)*))+(((1?((0+1)(0+1))*)&((1*0+01)*))&(((11+0)((0+1)(0+1))?)*))
6,12,2,91,11,3,3.090472,0.875000,0.736842,0.800000,((((0(010*0+1)+1)*)+((1?001?)*))&((0*1)*0?0?))+((((0*1(10*)*)&((1(11+0)+0)*))+(((1*0(0*+1)0)*)&(((0+1)(0?1+0))*)))&(((11+0)1?)*))
20,12,2,49,7,3,1.910737,0.812500,0.722222,0.764706,((((01(0+1)+1)*)+(10*1))&(((0+1)1?(0+1))*))+((((0+1)(01+10))*)&(((0+1)1+0)*))
14,12,2,80,11,3,3.135151,0.812500,0.928571,0.866667,(((1*(01?)*)&(((11+0)1?)*))&((10*)*(1*0)*))+(((((((0+1)0)?1)*)&(((11+0)0+1)*))+((1*(1?0+01)*)&(((0+1)1+0)*)))&(((0*1)*10*)*))
2,12,2,98,12,3,3.528099,0.750000,0.631579,0.685714,((((1*0)?1?(0+1))&(0?1(11+0)*))+((((11+0)(0+1))*+0)&((0*1)*0?)))+(((((010*+1)*)&((1?(11+0))*))+(((0?(000+1))*)&((0*1)*10*)))&(((0+1)0*(00+1))*))
7,12,2,38,6,3,1.506844,0.812500,0.928571,0.866667,(((((11+0)0+1)*)+(01))&((1*0)*(0+1)1?))+(0?(1(0+1)0)*)
19,12,2,81,12,3,3.654705,0.937500,0.789474,0.857143,(((((11)*(1?0)*)&((0?10*)*))+(((1?01)*)&((10?)*)))&(1*(1*0)*((0+1)0+1)))+(((1*0*01?)&(((000+1)0*)*))+((001*)&((0*1)*)))
18,12,2,70,9,3,2.674618,1.000000,0.941176,0.969697,((((1(10*)*)&(1*0((01*)*+1)))+((((00+1)0+1)*)&((00(0+1)*+1)*)))&((0?1)*(1*0)*))+(((0(00+1)0+1)*)&((1*0)*))
1,12,2,100,12,3,3.71981,0.375000,0.750000,0.500000,(((((0+1)(00+1))*)+(((00+1)1?0*)&(((0+1)1?01?)*)))&(1?((0+1)(11+0))*1?))+((((0(0+1))*+0)+(((0?1(101*0)?)*)&((1(10*1+0)+0)*)))&((0+1)(1*01?)*))
16,12,2,68,9,3,2.676169,0.437500,0.777778,0.560000,((((0*1(11+0)*)&((01?(0+1)0+1)*))+((1?0)*(0+1)))&(0*(1(0?0)?)*))+(((1?0)*(11+0))&(((010+1)0*)*))
3,12,2,107,12,3,3.541555,0.687500,0.785714,0.733333,((((1*((01*+1)0)*)&(((1(0+1))*0)*))+(((0+1)(101+0))*))&(((000+1)*(0+1)1)*0*))+(((((1(0*0+1))*)&(10*1*))+((((00+1)(0+1)+01)*)&((1?(101*+0))*)))&(((0?0+1)(0+1))*))
11,12,2,100,12,3,3.636844,0.062500,0.333333,0.105263,((((((0(0+1)0+1)0?)*)&((1*0)*1+(00)*))+((((00)?1+10)*)&((1*01*)*)))&((((0+1)(01)*1)*+1)0*))+((((00+1)*(0+1))&(0*10*+0))+(((0?1)*10*)&((1?01*)*)))
10,11,2,99,14,3,4.005389,0.875000,0.636364,0.736842,(((((0*1)*01*)&(((0*1+0)0+1)*))+(((0+1)1(0+1)*)&((0*1)*1)))&(((((0+1)(0+1)1?)*)&(0*1(0(1?1)?)*))+((0?1)*)))+((((1(0*1+0))*)+(0?1(0+1)*1))&((0+1)*(0+1)))
12,11,2,116,16,3,4.628889,0.437500,0.466667,0.451613,(((((0?00+1)*)&((0+1)*01*))+(0(10*1)?))&(((10*+0)1+0)*))+(((((10?(0+1))*)&(1(0?10?)*))+(((0?1(01?0)*)*)&((0+1)*0(10*1)*)))&((1*0?1?)+((((11+0)(01)*)*)&((0?(00+1))*))))
5,11,2,57,8,3,2.018337,0.562500,1.000000,0.720000,((((11+0)*10*)+((0*010+1)*))&((0?1*0(0*+1))+((0*1(0+1))*)))+(1*0(1*+0)0)
17,11,2,78,11,3,3.069206,0.875000,0.823529,0.848485,((((0?((0?1)*+0))&((1?01*)*))+(((01)?10*1?)&((1*0)*1?)))&((0+1)*(0+1)))+((((0*1)*0(0+1))+(1?0(10*)*))&((1?01*)*))
13,11,2,103,16,3,4.686051,0.500000,0.666667,0.571429,(((((11+0)*)&(1*0*))+((01?0+1)*))&(1*(0(01*)?)*))+(((((0(1*+0)0+1)*)&((1*0)*))+(((0?10?)*1)&((1?0)*1*)))&(((((101*)?0)*)&(((0+1)(0+1))*))+((((0*1)*10?)*)&((0*1)*))))
9,11,2,57,7,3,1.949698,0.625000,0.909091,0.740741,(((((1(10)?)*(1*0)*)&((10*+0)(10?)*))?)&(1*(0((0+1)*0+1))?))+(010*(1101+0))
4,11,2,80,11,3,3.230703,0.812500,0.928571,0.866667,((((0*+1)(11)?)+(((0+1)*(00+11))&(1?0*1*)))&(1?(0(0+1)*+1)))+((((1((0+1)0)?)*)+(((1*0)*0)&((10*)*)))&(1((0+1)((0+1)(0+1)+0))*))
15,11,2,87,13,3,3.594548,0.812500,0.866667,0.838710,(((((01*)*)&(((0+1)(0+1)+1)*))+(((1*0)*(0+1))&(11(0+1)*)))&((01*(1?0)*)+((1*0*(01)*)&(1*0(0?1)*0*))))+((101?1)+(1*0(0+1)1))
8,11,2,101,14,3,3.996496,0.437500,0.875000,0.583333,((((1*(1*0(0+1))*)&(((111+0)1*)*))+((0?1(0+1))&(1*01*)))&(((01)?10*)*))+(((1?((0+1)(0+1))*)&((1*0+01)*))&((((11+0)*10*)&((0+1)10(0+1)*))+(0*1*0)))
6,11,2,114,15,3,4.255298,0.750000,0.750000,0.750000,(((((0(0(0+1)*0+1)+1)*)&((((0+1)0)?1)*0*))+((1?001?)*))&((((0*10?0?)*)&((1?0)*1*))+(0*)))+((((0*1(10*)*)&((1(11+0)+0)*))+(((1*0(0*+1)0)*)&(((0+1)(0?1+0))*)))&(((11+0)1?)*))
20,11,2,49,7,3,2.023325,0.812500,0.722222,0.764706,((((01(0+1)+1)*)+(10*1))&(((0+1)1?(0+1))*))+((((0+1)(01+10))*)&(((0+1)1+0)*))
14,11,2,80,11,3,3.094212,0.812500,0.928571,0.866667,(((1*(01?)*)&(((11+0)1?)*))&((10*)*(1?0)*))+(((((((0+1)0)?1)*)&(((11+0)0+1)*))+((1*(1?0+01)*)&(((0+1)1+0)*)))&(((0*1)*10*)*))
2,11,2,98,12,3,3.661081,0.750000,0.705882,0.727273,((((1*0)?1?(0+1))&(0?1(11+0)*))+((((11+0)(0+1))*+0)&((0*1)*0?)))+(((((010*+1)*)&((1?(11+0))*))+(((0?(000+1))*)&(0*1*10*)))&(((0+1)0*(00+1))*))
7,11,2,57,10,3,2.657597,0.750000,0.857143,0.800000,(((((11+0)0+1)*)+(01))&((1*0)*(0+1)1?))+((((01+10)*)+(((11+0)*)&((0?1)*0)))&(((1?1)?0)*))
19,11,2,86,14,3,3.897467,0.937500,0.937500,0.937500,(((((11)*(1?0)*)&((0?10*)*))+(((1?01)*)&((10?)*)))&((1*((10)?0)*(0+1))+((10)*1)))+(((1*0*01?)&(((000+1)0*)*))+((001*)&((0*1)*)))
18,11,2,70,9,3,2.697197,1.000000,0.941176,0.969697,((((1(10*)*)&(1*0((01*)*+1)))+((((00+1)0+1)*)&((00(0+1)*+1)*)))&((0?1)*(1*0)*))+(((0(00+1)0+1)*)&((1*0)*))
1,11,2,105,12,3,3.543711,0.375000,0.857143,0.521739,(((((0+1)(00+1))*)+(((00+1)1?0*)&(((0+1)1?01?)*)))&(1?((0+1)(11+0))*1?))+((((0(0+1))*+0)+((((111*01?)?0)*)&((1(10*1+0)+0)*)))&((0*((00+1)0+1))*(0+1)))
16,11,2,68,9,3,2.823631,0.437500,0.777778,0.560000,((((0*1(11+0)*)&((01?(0+1)0+1)*))+((1?0)*(0+1)))&(0*(1(0?0)?)*))+(((1?0)*(11+0))&(((010+1)0*)*))
3,11,2,107,12,3,3.661184,0.687500,0.785714,0.733333,((((1*((01*+1)0)*)&(((1(0+1))*0)*))+(((0+1)(101+0))*))&(((000+1)*(0+1)1)*0*))+(((((1(0*0+1))*)&(10*1*))+((((00+1)(0+1)+01)*)&((1?(101*+0))*)))&(((0?0+1)(0+1))*))
11,11,2,100,12,3,3.477399,0.062500,0.333333,0.105263,((((((0(0+1)0+1)0?)*)&((1*0)*1+(00)*))+((((00)?1+10)*)&((1*01*)*)))&((((0+1)(01)*1)*+1)0*))+((((00+1)*(0+1))&(0*10*+0))+(((0?1)*10*)&((1?01*)*)))
10,10,2,99,14,3,4.067471,0.875000,0.636364,0.736842,(((((0*1)*01*)&(((0*1+0)0+1)*))+(((0+1)1(0+1)*)&((0*1)*1)))&(((((0+1)(0+1)1?)*)&(0*1(0(1?1)?)*))+((0?1)*)))+((((1(0*1+0))*)+(0?1(0+1)*1))&((0+1)*(0+1)))
12,10,2,116,16,3,4.641503,0.437500,0.466667,0.451613,(((((0?00+1)*)&((0+1)*01*))+(0(10*1)?))&(((10*+0)1+0)*))+(((((10?(0+1))*)&(1(0?10?)*))+(((0?1(01?0)*)*)&((0+1)*0(10?1)*)))&((1*0?1?)+((((11+0)(01)*)*)&((0?(00+1))*))))
5,10,2,68,11,3,2.733051,0.562500,1.000000,0.720000,((((11+0)*10*)+((0*010+1)*))&((0?1*0(0*+1))+((0*1(0+1))*)))+(((01*0)+((10?)*00))&((11+0)*))
17,10,2,78,11,3,3.131237,0.875000,0.823529,0.848485,((((0?((0?1)*+0))&((1?01*)*))+(((01)?10*1?)&((1*0)*1?)))&((0+1)*(0+1)))+((((0*1)*0(0+1))+(1?0(10*)*))&((1?01*)*))
13,10,2,106,18,3,5.268192,0.437500,0.636364,0.518519,(((((11+0)*)&(1*0*))+((01?0+1)*))&((1*0*)+((0(01*)?)*)))+(((((0(1*+0)0+1)*)&((1*0)*))+(((0?10?)*1)&((1?0)*1*)))&(((((101*)?0)*)&(((0+1)(0+1))*))+((((0*1)*10?)*)&((0*1)*))))
9,10,2,80,12,3,3.556831,0.625000,0.909091,0.740741,(((((1(10)?)*(1*0)*)&((10*+0)(10?)*))?)&(1*(0((0+1)*0+1))?))+(((((1?0)*)&(010*))+((((0+1)10?)*)&(((01)*10?)*)))&((1*01?)*))
4,10,2,80,11,3,3.187263,0.812500,0.928571,0.866667,((((0*+1)(11)?)+(((0+1)*(00+11))&(1?0*1*)))&(1?(0(0+1)*+1)))+((((1((0+1)0)?)*)+(((1*0)*0)&((10*)*)))&(1((0+1)((0+1)(0+1)+0))*))
15,10,2,87,13,3,3.447516,0.812500,0.866667,0.838710,(((((01*)*)&(((0+1)(0+1)+1)*))+(((1*0)*(0+1))&(11(0+1)*)))&((01*(1?0)*)+((1*0*(01)*)&(1*0(0?1)*0*))))+((101?1)+(1*0(0+1)1))
8,10,2,101,14,3,3.910443,0.437500,0.875000,0.583333,((((1*(1*0(0+1))*)&(((111+0)1*)*))+((0?1(0+1))&(1*01*)))&(((01)?10*)*))+(((1?((0+1)(0+1))*)&((1*0+01)*))&((((11+0)*10*)&((0+1)10(0+1)*))+(0*1*0)))
6,10,2,91,11,3,3.271819,0.875000,0.736842,0.800000,((((0(010*0+1)+1)*)+((1?001?)*))&((0*1)*0?0?))+((((0*1(10*)*)&((1(11+0)+0)*))+(((1*0(0*+1)0)*)&(((0+1)(0?1+0))*)))&(((11+0)1?)*))
20,10,2,52,10,3,2.752727,0.937500,0.882353,0.909091,((((01(0+1)+1)*)+(10*1))&(((0+1)1?(0+1))*))+((110)+((((0+1)(0+1))*)&(((0+1)10?)*)))
14,10,2,80,11,3,3.062283,0.812500,0.928571,0.866667,(((1*(01?)*)&(((11+0)1?)*))&((10*)*(1?0)*))+(((((((0+1)0)?1)*)&(((11+0)0+1)*))+((1*(01?+10)*)&(((0+1)1+0)*)))&(((0*1)*10*)*))
2,10,2,98,12,3,3.51359,0.750000,0.705882,0.727273,((((1*0)?1?(0+1))&(0?1(11+0)*))+((((11+0)(0+1))*+0)&((0*1)*0?)))+(((((010*+1)*)&((1?(11+0))*))+(((0?(000+1))*)&(0*1*10*)))&(((0+1)0*(00+1))*))
7,10,2,57,10,3,2.812304,0.750000,0.857143,0.800000,(((((11+0)0+1)*)+(01))&((1*0)*(0+1)1?))+((((01+10)*)+(((11+0)*)&((0?1)*0)))&(((1?1)?0)*))
19,10,2,86,14,3,3.970967,0.937500,0.937500,0.937500,(((((11)*(1?0)*)&((0?10*)*))+(((1?01)*)&((10?)*)))&((1*((10)?0)*(0+1))+((10)*1)))+(((1*0*01?)&(((000+1)0*)*))+((001*)&((0*1)*)))
18,10,2,74,11,3,3.059266,1.000000,0.941176,0.969697,((((1(10*)*)&(1*0((01*)*+1)))+((((00+1)0+1)*)&((00(0+1)*+1)*)))&((0?1)*(1*0)*))+(((0000)+((010+1)*))&((1*0)*))
1,10,2,117,16,3,4.718614,0.437500,0.777778,0.560000,(((((0+1)(00+1))*)+(((00+1)1?0*)&(((0+1)1?01?)*)))&(((((01)?10*)*)&(1*0*1*))+(((0(01)?)*)&(0*10?))))+((((0(0+1))*+0)+(((0?1(101*0)?)*)&((1(10*1+0)+0)*)))&((0+1)(1*01?)*))
16,10,2,80,13,3,4.065956,0.500000,0.800000,0.615385,((((0*1(11+0)*)&((01?(0+1)0+1)*))+((1?0)*(0+1)))&(0*(1(0?0)?)*))+(((((1?0)*)&(0(0+1)*))+(((0?1)*)&((0+1)*1)))&(((010+1)0*)*))
3,10,2,113,16,3,4.691669,0.500000,0.666667,0.571429,((((1*((01*+1)0)*)&(((1(0+1))*0)*))+(((0+1)(101+0))*))&(((((00+1)0?)*)&((0*1(10*)*)*))+(0*(10)*)))+(((((1(0*0+1))*)&(10*1*))+((((0+1)01*0+1)*)&((10?1+0)*)))&((0?(0+1)(0+1))*))
11,10,2,109,15,3,4.46847,0.250000,0.500000,0.333333,((((((0(0+1)0+1)0?)*)&((1*0)*1+(00)*))+((((00)?1+10)*)&((1*01*)*)))&((((0(0+1)+1)*)&(((0+1)(0+1))*+1))+(1?10)))+((((00+1)*(0+1))&(0*10*+0))+(((0?1)*10*)&((1?01*)*)))
10,9,2,99,14,3,3.866253,0.875000,0.636364,0.736842,(((((0*1)*01*)&(((0*1+0)0+1)*))+(((0+1)1(0+1)*)&((0*1)*1)))&(((((0+1)(0+1)1?)*)&(0*1(0(1?1)?)*))+((0?1)*)))+((((1(0*1+0))*)+(0?1(0+1)*1))&((0+1)*(0+1)))
12,9,2,116,18,3,5.137928,0.437500,0.466667,0.451613,(((((0?00+1)*)&((0+1)*01*))+(0(10*1)?))&(((10*+0)1+0)*))+(((((10?(0+1))*)&(1(0?10?)*))+(((0?1(01?0)*)*)&((0+1)*0(10*1)*)))&((1*0?1?)+((((11+0)(01)*)*)&((0?(00+1))*))))
5,9,2,68,11,3,2.730774,0.562500,1.000000,0.720000,((((11+0)*10*)+((0*010+1)*))&((0?1*0(0*+1))+((0*1(0+1))*)))+(((01*0)+((10?)*00))&((11+0)*))
17,9,2,78,11,3,3.257001,0.875000,0.823529,0.848485,((((0?((0?1)*+0))&((1?01*)*))+(((01)?10*1?)&((1*0)*1?)))&((0+1)*(0+1)))+((((0*1)*0(0+1))+(1?0(10*)*))&((1?01*)*))
13,9,2,106,18,3,5.20202,0.437500,0.636364,0.518519,(((((11+0)*)&(1*0*))+((01?0+1)*))&((1*0*)+((0(01*)?)*)))+(((((0(1*+0)0+1)*)&((1*0)*))+(((0?10?)*1)&((1?0)*1*)))&(((((101*)?0)*)&(((0+1)(0+1))*))+((((0*1)*10?)*)&((0*1)*))))
9,9,2,81,15,3,4.395038,0.687500,0.846154,0.758621,(((((1(10)?)*(1*0)*)&((10*+0)(10?)*))?)&(((1?(1*01+0))*)+(1*)))+(((((1?0)*)&(010*))+((((0+1)10?)*)&(((01)*10?)*)))&((1*01?)*))
4,9,2,92,14,3,3.878828,0.812500,0.928571,0.866667,((((0*+1)(11)?)+(((0+1)*(00+11))&(1?0*1*)))&((((01*)*+1)&((0+1)*(0+1)))+(1(01*)*)))+((((1((0+1)0)?)*)+(((1*0)*0)&((10*)*)))&(1((0+1)((0+1)(0+1)+0))*))
15,9,2,87,13,3,3.546179,0.812500,0.866667,0.838710,(((((01*)*)&(((0+1)(0+1)+1)*))+(((1*0)*(0+1))&(11(0+1)*)))&((01*(1?0)*)+((1*0*(01)*)&(1*0(0?1)*0*))))+((101?1)+(1*0(0+1)1))
8,9,2,101,14,3,4.059912,0.375000,0.857143,0.521739,((((1*(1?0(0+1))*)&(((111+0)1*)*))+((0?1(0+1))&(1*01*)))&(((01)?10*)*))+(((1?((0+1)(0+1))*)&((1*0+01)*))&((((11+0)*10*)&((0+1)10(0+1)*))+(0*1*0)))
6,9,2,114,15,3,4.414094,0.750000,0.750000,0.750000,(((((0(0(0+1)*0+1)+1)*)&((((0+1)0)?1)*0*))+((1?001?)*))&((((0*10?0?)*)&((1?0)*1*))+(0*)))+((((0*1(10*)*)&((1(11+0)+0)*))+(((1*0(0*+1)0)*)&(((0+1)(0?1+0))*)))&(((11+0)1?)*))
20,9,2,63,13,3,3.467264,0.937500,0.882353,0.909091,((((01(0+1)+1)*)+(10*1))&(((1?(11+0))*)+((10*1)&((00+1)*))))+((110)+((((0+1)(0+1))*)&(((0+1)10?)*)))
14,9,2,83,13,3,3.513323,0.812500,0.928571,0.866667,(((1*(01?)*)&(((11+0)1?)*))&(((10*)*0*)+((1?0)*)))+(((((((0+1)0)?1)*)&(((11+0)0+1)*))+((1*(01?+10)*)&(((0+1)1+0)*)))&(((0*1)*10*)*))
2,9,2,102,15,3,4.462733,0.875000,0.823529,0.848485,((((1*0)?1?(0+1))&(0?1(11+0)*))+((((11+0)(0+1))*+0)&((0*1)*0?)))+(((((010*+1)*)&((1?(11+0))*))+(((0?(000+1))*)&(0*1*10*)))&(((1(11+0)+0)*)+((11+0)*)))
7,9,2,73,13,3,3.575727,0.812500,0.764706,0.787879,(((((11+0)0+1)*)+(01))&(((((0+1)1+0)*)&((0(0+1)+1)*))+(((1*0)*)&((00+1)*))))+((((01+10)*)+(1(10*)*+0))&((1*01*)*(0+1)))
19,9,2,86,14,3,3.863137,0.937500,0.937500,0.937500,(((((11)*(1?0)*)&((0?10*)*))+(((1?01)*)&((10?)*)))&((1*((10)?0)*(0+1))+((10)*1)))+(((1*0*01?)&(((000+1)0*)*))+((001*)&((0*1)*)))
18,9,2,79,13,3,3.653056,1.000000,0.888889,0.941177,((((1(10*)*)&(1*0((01*)*+1)))+((((00+1)0+1)*)&((00(0+1)*+1)*)))&((((01)?10?)*)+((1*0)*)))+(((0000)+((010+1)*))&((1*0)*))
1,9,2,117,16,3,4.844887,0.437500,0.777778,0.560000,(((((0+1)(00+1))*)+(((00+1)1?0*)&(((0+1)1?01?)*)))&(((((01)?10*)*)&(1*0*1*))+(((0(01)?)*)&(0*10?))))+((((0(0+1))*+0)+(((0?1(101*0)?)*)&((1(10*1+0)+0)*)))&((0+1)(1*01?)*))
16,9,2,84,16,3,4.627523,0.500000,0.666667,0.571429,((((0*1(11+0)*)&((01?(0+1)0+1)*))+((1?0)*(0+1)))&((0*(10?)*)+((00+1)*)))+(((((1?0)*)&(0(0+1)*))+(((0?1)*)&((0+1)*1)))&(((010+1)0*)*))
3,9,2,113,16,3,4.695242,0.500000,0.666667,0.571429,((((1*((01*+1)0)*)&(((1(0+1))*0)*))+(((0+1)(101+0))*))&(((((00+1)0?)*)&((0*1(10*)*)*))+(0*(10)*)))+(((((1(0*0+1))*)&(10*1*))+((((0+1)01*0+1)*)&((10?1+0)*)))&((0?(0+1)(0+1))*))
11,9,2,109,15,3,4.446827,0.250000,0.500000,0.333333,((((((0(0+1)0+1)0?)*)&((1*0)*1+(00)*))+((((00)?1+10)*)&((1*01*)*)))&((((0(0+1)+1)*)&(((0+1)(0+1))*+1))+(1?10)))+((((00+1)*(0+1))&(0*10*+0))+(((0?1)*10*)&((1?01*)*)))
10,8,2,99,14,3,3.848737,0.875000,0.636364,0.736842,(((((0*1)*01*)&(((0*1+0)0+1)*))+(((0+1)1(0+1)*)&((0*1)*1)))&(((((0+1)(0+1)1?)*)&(0*1(0(1?1)?)*))+((0?1)*)))+((((1(0*1+0))*)+(0?1(0+1)*1))&((0+1)*(0+1)))
12,8,2,116,18,3,5.078259,0.437500,0.466667,0.451613,(((((0?00+1)*)&((0+1)*01*))+(0(10*1)?))&(((10*+0)1+0)*))+(((((10?(0+1))*)&(1(0?10?)*))+(((0?1(01?0)*)*)&((0+1)*0(10*1)*)))&((1*0?1?)+((((11+0)(01)*)*)&((0?(00+1))*))))
5,8,2,68,11,3,2.83663,0.562500,1.000000,0.720000,((((11+0)*10*)+((0*010+1)*))&((0?1*0(0*+1))+((0*1(0+1))*)))+(((01*0)+((10?)*00))&((11+0)*))
17,8,2,78,13,3,3.424304,0.875000,0.823529,0.848485,((((0?((0?1)*+0))&((1?01*)*))+(((01)?10*1?)&((1*0)*1?)))&((0+1)*(0+1)))+((((0*1)*0(0+1))+(1?0(10*)*))&((1?01*)*))
13,8,2,106,18,3,5.270243,0.437500,0.636364,0.518519,(((((11+0)*)&(1*0*))+((01?0+1)*))&((1*0*)+((0(01*)?)*)))+(((((0(1*+0)0+1)*)&((1*0)*))+(((0?10?)*1)&((1?0)*1*)))&(((((101*)?0)*)&(((0+1)(0+1))*))+((((0*1)*10?)*)&((0*1)*))))
9,8,2,81,15,3,4.279425,0.687500,0.846154,0.758621,(((((1(10)?)*(1*0)*)&((10*+0)(10?)*))?)&(((1?(1*01+0))*)+(1*)))+(((((1?0)*)&(010*))+((((0+1)10?)*)&(((01)*10?)*)))&((1*01?)*))
4,8,2,107,18,3,5.097863,0.937500,0.937500,0.937500,((((0*+1)(11)?)+(((0+1)*(00+11))&(1?0*1*)))&((((01*)*+1)&((0+1)*(0+1)))+(1(01*)*)))+((((1((0+1)0)?)*)+(((1*0)*0)&((10*)*)))&((((1*01?)*)&(1(0+1)*))+((((0+1)(0+1)+0)*)&((0+1)*1))))
15,8,2,87,13,3,3.652293,0.812500,0.866667,0.838710,(((((01*)*)&(((0+1)(0+1)+1)*))+(((1*0)*(0+1))&(11(0+1)*)))&((01*(1?0)*)+((1*0*(01)*)&(1*0(0?1)*0*))))+((101?1)+(1*0(0+1)1))
8,8,2,101,16,3,4.224604,0.437500,0.875000,0.583333,((((1*(1*0(0+1))*)&(((111+0)1*)*))+((0?1(0+1))&(1*01*)))&(((01)?10*)*))+(((1?((0+1)(0+1))*)&((1*0+01)*))&((((11+0)*10*)&((0+1)10(0+1)*))+(0*1*0)))
6,8,2,114,15,3,4.325655,0.750000,0.750000,0.750000,(((((0(0(0+1)*0+1)+1)*)&((((0+1)0)?1)*0*))+((1?001?)*))&((((0*10?0?)*)&((1?0)*1*))+(0*)))+((((0*1(10*)*)&((1(11+0)+0)*))+(((1*0(0*+1)0)*)&(((0+1)(0?1+0))*)))&(((11+0)1?)*))
20,8,2,63,13,3,3.626019,0.937500,0.882353,0.909091,((((01(0+1)+1)*)+(10*1))&(((1?(11+0))*)+((10*1)&((00+1)*))))+((110)+((((0+1)(0+1))*)&(((0+1)10?)*)))
14,8,2,112,17,3,4.796552,0.812500,0.928571,0.866667,(((1*(01?)*)&(((11+0)1?)*))&(((10*)*0*)+((1?0)*)))+(((((((0+1)0)?1)*)&(((11+0)0+1)*))+((1*(1?0+01)*)&(((0+1)1+0)*)))&(((((0+1)0+1)*)&((0?(01)?1)*))+(((1*0(01)?)*)&(((0+1)(0+1)0?)*))))
2,8,2,102,15,3,4.255319,0.875000,0.823529,0.848485,((((1*0)?1?(0+1))&(0?1(11+0)*))+((((11+0)(0+1))*+0)&((0*1)*0?)))+(((((010*+1)*)&((1?(11+0))*))+(((0?(000+1))*)&(0*1*10*)))&(((1(11+0)+0)*)+((11+0)*)))
7,8,2,73,13,3,3.531753,0.812500,0.764706,0.787879,(((((11+0)0+1)*)+(01))&(((((0+1)1+0)*)&((0(0+1)+1)*))+(((1*0)*)&((00+1)*))))+((((01+10)*)+(1(10*)*+0))&((1*01*)*(0+1)))
19,8,2,86,14,3,4.044689,0.937500,0.937500,0.937500,(((((11)*(1?0)*)&((0?10*)*))+(((1?01)*)&((10?)*)))&((1*((10)?0)*(0+1))+((10)*1)))+(((1*0*01?)&(((000+1)0*)*))+((001*)&((0*1)*)))
18,8,2,79,13,3,3.461912,1.000000,0.888889,0.941177,((((1(10*)*)&(1*0((01*)*+1)))+((((00+1)0+1)*)&((00(0+1)*+1)*)))&((((01)?10?)*)+((1*0)*)))+(((0000)+((010+1)*))&((1*0)*))
1,8,2,121,20,3,5.871144,0.437500,0.875000,0.583333,(((((0+1)(00+1))*)+(((00+1)1?0*)&(((0+1)1?01?)*)))&(((((01)?10*)*)&(1*0*1*))+(((0(01)?)*)&(0*10?))))+((((0(0+1))*+0)+(((0?1(101*0)?)*)&((1(10*1+0)+0)*)))&((0(1?01?)*)+((1*0)*)))
16,8,2,84,16,3,4.845712,0.500000,0.666667,0.571429,((((0*1(11+0)*)&((01?(0+1)0+1)*))+((1?0)*(0+1)))&((0*(10?)*)+((00+1)*)))+(((((1?0)*)&(0(0+1)*))+(((0?1)*)&((0+1)*1)))&(((010+1)0*)*))
3,8,2,113,16,3,4.654817,0.500000,0.666667,0.571429,((((1*((01*+1)0)*)&(((1(0+1))*0)*))+(((0+1)(101+0))*))&(((((00+1)0?)*)&((0*1(10*)*)*))+(0*(10)*)))+(((((1(0*0+1))*)&(10*1*))+((((0+1)01*0+1)*)&((10?1+0)*)))&((0?(0+1)(0+1))*))
11,8,2,109,15,3,4.315575,0.250000,0.500000,0.333333,((((((0(0+1)0+1)0?)*)&((1*0)*1+(00)*))+((((00)?1+10)*)&((1*01*)*)))&((((0(0+1)+1)*)&(((0+1)(0+1))*+1))+(1?10)))+((((00+1)*(0+1))&(0*10*+0))+(((0?1)*10*)&((1?01*)*)))
10,7,2,123,23,4,6.295622,0.875000,0.666667,0.756757,(((((((0+1)01?)*)&((10*)*))+(((0*10+1)*)&((01*)*)))+(((((0?1)*)&((11+0)*))+(0(10*)*))&((0*1)*1)))&((((0+1)(0+1)+1)*)&((1?0)*1*(0+1))))+((((0?1(0*1+0))*)+(10*11))&(((((0+1)(0+1))*)&((0+1)*(0+1)))+((0+1)*1)))
12,7,2,135,24,4,6.672616,0.500000,0.533333,0.516129,((((((00+1)*)+(((1*0)?0)*))&((0+1)*01*))+((0(0+1)0)*1))&(((10*+0)1+0)*))+(((((10?(0+1))*)&(1(0?10?)*))+(((((10?1+0)*)&((0*1)*))+((010*+1)*))&((0+1)*0(10*1)*)))&((1*0?1?)+((0?1(10*)*)&(0?((0+1)(0+1))*))))
5,7,2,89,24,4,6.84191,0.812500,0.928571,0.866667,((((10*)+(((0?110+1)*)&((1*01?)*)))+(((((1*0)*)&((01*)*))+((0*010+1)*))&(((0*1)*0)+((0*1)*))))&(((1*01?)*)+((01*)*)))+(((10?)*00)&(1*0*))
17,7,2,85,15,4,3.832566,0.812500,0.812500,0.812500,((((((0?1)*+00)+(0(01*)?))&((1?01*)*))+(((01)?10*1?)&((1*0)*1?)))&((0+1)*(0+1)))+((((0*1)*0(0+1))+(1?0(10*)*))&((1?01*)*))
13,7,2,110,26,4,7.274602,0.812500,0.565217,0.666667,(((((11+0)*)&(1*0*))+((01?0+1)*))&((1*0*)+((0(01*)?)*)))+(((((0(1*+0)0+1)*)&((1*0)*))+((((0?1)*)&((101*+0)*))+((0*1)*1)))&(((((101*)?0)*)&(((0+1)(0+1))*))+((((0*1)*10?)*)&((0*1)*))))
9,7,2,87,17,4,4.77509,0.687500,0.785714,0.733333,(((((((0+1)10+1)*)+((1*0)*))&(((0(11+0)+1)0+1)*))+(010))&(((1?(1*01+0))*)+(1*)))+((((1?0)*)&(0?10*))+((((0+1)10?)*)&((1?(1101+0))*)))
4,7,2,60,17,4,4.372392,0.937500,0.789474,0.857143,((((0*(11)?)+(1))+(((10)?01*)+((((10)?(11+0))*)&((10*)*))))&((0+1)*(0+1)))+((1(10*)*)&((1*01*)*))
15,7,2,73,17,4,4.615554,0.562500,0.642857,0.600000,((((((01?)*)+(01*))&(((0+1)(0+1)+1)*))+(((1*0)*(0+1))&(11(0+1)*)))&((0(0+1)*)+(1((0+1)(0+1))*)))+(((10?(0+1)1)*)&((0+1)*1))
8,7,2,103,19,4,5.092317,0.437500,0.875000,0.583333,((((((10*)*)+((1?0(0+1))*))&(((111+0)1*)*))+((0?1(0+1))&(1*01*)))&(((01)?10*)*))+(((1?((0+1)(0+1))*)&((1*0+01)*))&((((11+0)*10*)&((0+1)10(0+1)*))+((11+0)*)))
6,7,2,126,21,4,5.885636,0.812500,0.722222,0.764706,((((((0?(010+1))*)+((1?00)*))&(((0+1)0+1)*))+(0*1))&((((0*10?0?)*)&(((0(0+1))?1)*0*))+(0*(0*1)*)))+(((0*1(10*)*)&((1(11+0)+0)*))+((((0*10*)&((01?)*))+((((1*0+1)0)*)&(((0+1)1+0)*)))&(((0+1)(0+1)+1)*)))
20,7,2,64,17,4,4.69866,1.000000,0.941176,0.969697,((((((01)?1)*)+(010))+(((01*0)?1)*))&(((1?(11+0))*)+(10*1)))+((110)+((((0+1)(0+1))*)&(((0+1)10?)*)))
14,7,2,130,22,4,6.277844,0.812500,0.866667,0.838710,((((((10*)*0)+((10?)*0*))&(((11+0)1?)*))+((1*(01?)*)&(((0+1)1+0)*)))&(((10*)*0*)+((1?0)*)))+(((((((0+1)0)?1)*)&(((11+0)0+1)*))+(((1?0+01)*)&((01*)*)))&(((((0+1)0+1)*)&((0?(01)?1)*))+(((0((0+1)1)*)*)&(((0+1)(0+1)0?)*))))
2,7,2,113,18,4,5.074622,0.937500,0.833333,0.882353,(((((1(0+1))*)+(((0(0+1)+1)*)&((1*01?)*)))&(0?1(11+0)*))+((((11+0)(0+1))*+0)&((0*1)*0?)))+(((((010*+1)*)&((1?(11+0))*))+(((0?(000+1))*)&(0*1*10*)))&(((1(11+0)+0)*)+((11+0)*)))
7,7,2,85,17,4,4.696752,0.812500,0.722222,0.764706,((((((1*0(0+1))*)+((11+0)*))&(((0+1)0+1)*))+(01))&(((((0+1)1+0)*)&((0(0+1)+1)*))+((00+1)*)))+(((((1*(01+10))*)&((0?(0+1)(0+1))*))+(0))&((1*0+01)*))
19,7,2,123,18,4,5.083931,0.812500,0.764706,0.787879,((((((1*0*)&((1*0)*))+((0+1)10*))&(((010+1)0*)*))+(((1?(0+1)1)*)&((10?)*)))&(((0+1)*(0+1))&((0?(0+1)0+1)*)))+((((1*0(01*)*)&(((00+1)(0+1))*))+(((0(0+1)+11)*)&(((00(0+1)+1)0?)*)))&((00+1)1*0*1?))
18,7,2,79,15,4,3.892178,1.000000,0.888889,0.941177,((((1(10*)*)&(1*0((01*)*+1)))+((((00+1)0+1)*)&((00(0+1)*+1)*)))&((((01)?10?)*)+((1*0)*)))+(((0000)+((010+1)*))&((1*0)*))
1,7,2,137,31,4,8.247521,0.625000,0.833333,0.714286,(((((0+1)(00+1))*)+(((11?0*)+((0(01)?)*))&(((0+1)1?01?)*)))&(((((01)?10*)*)&(1*0*1*))+(((0(01)?)*)&(0*10?))))+(((((01)*+0)+((0(0+1))*))+((((011+10*)*)&(((0+1)1(0*+1))*))&((1(10*1+0)+0)*)))&((0(1?01?)*)+((1*0)*)))
16,7,2,125,22,4,6.272679,0.437500,0.700000,0.538462,(((((0*1*)+((0?10?)*))&((0+1)*1(01*0)?))+(((1?0)*)&(0(0+1)*)))&((((0*1+10)*)&(0*1(11+0)*))+(((00+1)*+0)&((1?01?)*))))+(((((1?0)*)&(0(0+1)*))+(((1?0)*1*)&((0+1)*(00+1))))&((010*)+(((0+1)(00+1))*)))
3,7,2,125,19,4,5.511844,0.687500,0.733333,0.709677,((((((1*0)*)&((10*1+0)*))+(((1*0)*)&((1(00+1)+0)*)))+((((0+1)1+10)*)&((101*)*)))&(((((00+1)0?(0+1))*)&(((0+1)(0+1)1?)*))+(((0(0+1)+1)*)&(((0+1)(0+1))*))))+((((1*0*)&(10*1*))+((1*0)*00))&((1?(00+1)(0+1))*))
11,7,2,142,25,4,7.077069,0.062500,0.333333,0.105263,((((((010+1)*)+(((000+1)0?)*))&(((01)*+1)+(((00)*(0?1)*)&((1*01?)*))))+((((10?)*)+(0*11))&((1*01*)*)))&(((((0+1)1+0)*+1)&((1*0)*1?))+(((1?0(11)?)*)&(((0+1)0+1)*))))+((((00+1)*(0+1))&(0*10*+0))+(((0?1)*10*)&((1?01*)*)))
10,6,2,155,29,4,7.863096,0.875000,0.736842,0.800000,(((((((0+1)01?)*)&((10*)*))+(((0*10+1)*)&((01*)*)))+(((((0?1)*)&((11+0)*))+(0(10*)*))&((0*1)*1)))&((((0+1)(0+1)+1)*)&((1?0)*1*(0+1))))+((((10*1)+((0*1)*0))+(((((10*)*1)&((0+1)*11))+(((01?)*)&((0*1)*)))&((0?10*)*1)))&(((((0+1)(0+1))*)&((1?0)*1*0?))+((0*1)*)))
12,6,2,151,35,4,9.835142,0.562500,0.500000,0.529412,((((((00+1)*)+(((1*0)?0)*))&((0+1)*01*))+((0+1)*001))&(((10*+0)1+0)*))+((((101)+((1(10?)*)&((1(0+1))*)))+(((((10*1+0)*)&((0*1)*))+((010*+1)*))&((((0+1)*1)&((10?1+0)*))+((1(0+1)*)&((1*01?)*)))))&((1*0?1?)+((((01)?10*)*)&(0?((0+1)(0+1))*))))
5,6,2,89,25,4,6.667286,0.812500,0.928571,0.866667,((((10*)+(((0?110+1)*)&((1*01?)*)))+(((((1*0)*)&((01*)*))+((0*010+1)*))&(((0*1)*0)+((0*1)*))))&(((1*01?)*)+((01*)*)))+(((10?)*00)&(1*0*))
17,6,2,116,25,4,6.861979,0.875000,0.823529,0.848485,((((((0?1)*+00)+(0(01*)?))&((1?01*)*))+(((01*0)+(((0*1)*)&((00+1)*)))&((1*0)*1?)))&((((0+1)*(0+1))&((1?01*)*))+(1)))+((((((0*1(00)?)*)&((1?01?)*))&(((0+1)0+1)*))+(1?0(10*)*))&((0+1)*(0+1)))
13,6,2,106,29,4,7.803703,0.750000,0.600000,0.666667,((((11+0)*)&(1*0*))+((((1?0)*1*)&((0(01*)?)*))+(10*)))+(((((0(01*)*)+(((0(0+1)+1)*)&((101?+0)*)))&(1?((0+1)(0+1))*))+((0*1)*1))&((((10*1+0)*)&((10?)*(1*0)*))+((0*1)*1)))
9,6,2,90,18,4,4.846863,0.625000,0.909091,0.740741,((((((0+1)10+1)*)+((1*0)*))&(((10?)*)+(((0?10*)*)&(0?1*0*))))&(((1?(1*01+0))*)+(1*)))+(((((0+1)1)*)&(((01+10)1)*))+((((0+1)10?)*)&(0((0+1)(0+1))*)))
4,6,2,60,17,4,4.349074,0.937500,0.789474,0.857143,((((0*(11)?)+(1))+(((10)?01*)+((((10)?(11+0))*)&((10*)*))))&((0+1)*(0+1)))+((1(10*)*)&((1*01*)*))
15,6,2,73,20,4,5.587234,0.750000,0.705882,0.727273,((((((01?)*)+(01*))&(((0+1)(0+1)+1)*))+(((1*0)*(0+1))&(11(0+1)*)))&((0(0+1)*)+(1((0+1)(0+1))*)))+((1*01)+(1*0(0+1)1))
8,6,2,139,32,4,8.575349,0.375000,0.666667,0.480000,((((((10*)*)+((1?0(0+1))*))&(((111+0)*)+((01*)*)))+(((0?1(0+1))+((10?)*))&(((1*01*)&(0?1*0?))+(((1(0+1))*1)&((1(10)?)*)))))&(((01)?10*)*))+((((((0(0+1))*)+((10*)*))&((1*0+01)*))+(((01*0)*)&((11+0)*)))&((((0+1)1+0)*)&((1*0(01)?)*)))
6,6,2,129,23,4,6.461228,0.812500,0.764706,0.787879,((((((0?(010+1))*)+((1?00)*))&(((0+1)0+1)*))+(0*1))&((((0*10?0?)*)&(((0(0+1))?1)*0*))+(0*(0*1)*)))+((((1*00)+(001*))&((1(11+0)+0)*))+((((0*10*)&((01?)*))+((((1*0+1)0)*)&(((0+1)1+0)*)))&(((0+1)(0+1)+1)*)))
20,6,2,64,17,4,4.771058,1.000000,0.941176,0.969697,((((((01)?1)*)+(010))+(((01*0)?1)*))&(((1?(11+0))*)+(10*1)))+((110)+((((0+1)(0+1))*)&(((0+1)10?)*)))
14,6,2,135,26,4,7.032652,0.875000,0.823529,0.848485,((((((10*)*0)+((10?)*0*))&(((11+0)1?)*))+((1*(01?)*)&(((0+1)1+0)*)))&(((10*)*0*)+((1?0)*)))+((((1)+(((10?1+0)*)&((0*1)*)))+((((1?01?)*)&((1*0+01)*))&((01*)*)))&(((((0+1)0+1)*)&((0?(01)?1)*))+(((0((0+1)1)*)*)&(((0+1)(0+1)0?)*))))
2,6,2,194,35,4,9.854815,0.937500,0.681818,0.789474,((((((1(0+1))*)+(((0(0+1)+1)*)&((1*01?)*)))&(((1(0+1))*)+(((0?10*)*)&(0?1*0*))))+(((((11+0)0)*)+((0?1)*+0))&((0*1+0)(10?)*)))&(((1*0*1*)&((1*01*)*))+((1*0)*)))+((((((0?1)*)+((0*10*)&((0?(00+1))*)))&(((0+1)1?(0+1))*))+((((0*1)*)&((01*)*))+((((0+1)(0+1))*)&((10*)*))))&(((((0+1)0?(0+1))*)&((0(00+1)+1)*))+((0*1*0*)&((1*01*)*))))
7,6,2,104,23,4,6.445889,0.875000,0.933333,0.903226,((((((1*0(0+1))*)+((11+0)*))&(((0+1)0+1)*))+(01))&(((((0+1)1+0)*)&((0(0+1)+1)*))+((00+1)*)))+((((((11+0)*)+((1((0+1)0)?)*))&((0?10?)*))+(0))&((((1*01?)*)&(((1*0)?01*)*))+((110)*)))
19,6,2,109,22,4,6.214853,0.812500,0.764706,0.787879,((((((1*0*)&((1*0)*))+((0+1)10*))&(((010+1)0*)*))+(((1?(0+1)1)*)&((10?)*)))&(((0+1)*(0+1))&((0?(0+1)0+1)*)))+((((001*)+((1*0*1?)&(((0+1)1+0)*)))&(((00(0+1)+1)0?)*))&((0+1)*(0+1)))
18,6,2,104,19,4,5.260576,1.000000,0.842105,0.914286,((((1(10*)*)&(1*0((01*)*+1)))+((((0(01*)*)&((0*10*)*))+(1(11+0)*))&(((00+1)0+1)*)))&((((01)?10?)*)+((1*0)*)))+((((((000+1)0?)*)&(1*(1?0)*))+(010))&(0*(10?)*))
1,6,2,137,31,4,8.430737,0.625000,0.833333,0.714286,(((((0+1)(00+1))*)+(((11?0*)+((0(01)?)*))&(((0+1)1?01?)*)))&(((((01)?10*)*)&(1*0*1*))+(((0(01)?)*)&(0*10?))))+(((((01)*+0)+((0(0+1))*))+((((011+10*)*)&(((0+1)1(0*+1))*))&((1(10*1+0)+0)*)))&((0(1?01?)*)+((1*0)*)))
16,6,2,106,27,4,7.413474,0.437500,0.777778,0.560000,(((((0*1*)+((0?10?)*))&(((0+1)*1)+(101*0)))+(((1?0)*)&(0(0+1)*)))&((((000+1)*)+((0?10+1)*))+(((00+1)*+0)&((1?01?)*))))+((((1?0)*0)+(((01?)*)&((0+1)*1)))&(((0+1)(00+1))*))
3,6,2,134,23,4,6.672963,0.687500,0.846154,0.758621,(((((((0+1)1*0)*)+(1*0*))&(((1(0+1))*0)*))+((1(1?0)*)+((0110+1)*)))&(((((00+1)0?(0+1))*)&(((0+1)(0+1)1?)*))+(((0(0+1)+1)*)&(((0+1)(0+1))*))))+(((((1(0*0+1))*)&(10*1*))+((((0+1)01*0+1)*)&((0?1)*0*)))&((0?(0+1)(0+1))*))
11,6,2,127,26,4,7.042831,0.062500,0.500000,0.111111,((((((010+1)*)+(((000+1)0?)*))&(((01)*+1)+(((00)*(0?1)*)&((1*01?)*))))+((((10?)*)+(0*11))&((1*01*)*)))&(((((0+1)1+0)*+1)&((1*0)*1?))+(((1?0(11)?)*)&(((0+1)0+1)*))))+(((10*)+(0(01)?))+((((01)?1)*)&(01*)))
10,5,2,175,37,4,10.231801,0.875000,0.736842,0.800000,(((((((0+1)01?)*)&((10*)*))+(((0*10+1)*)&((01*)*)))+(((((0?1)*)&((11+0)*))+(0(10*)*))&((0*1)*1)))&(((((0+1)(0+1)+1)*)&((1(0+1)*)+((0(0+1)*)&((0(1?1)?)*))))+(01*)))+((((10*1)+((0*1)*0))+(((((10*)*1)&((0+1)*11))+(((01?)*)&((0*1)*)))&(((10*)*)+(010*1))))&(((((0+1)(0+1))*)&((1?0)*1*(0+1)))+((0+1)*1)))
12,5,2,173,43,4,11.818745,0.500000,0.470588,0.484848,((((((00+1)*)+(((1*0)?0)*))&((((0+1)*1)&((1*01*)*))+((0+1)*0)))+((0(0+1)0)*1))&(((10*+0)1+0)*))+((((101)+((1(10?)*)&((1(0+1))*)))+(((((10?1+0)*)&((0*1)*))+((010*+1)*))&((((0+1)*1)&((10?1+0)*))+((1(0+1)*)&((1*01?)*)))))&((1*0?1?)+((((01)?10*)*)&(((((0+1)1+0)*)&((0*1)*))+((1*0)*0)))))
5,5,2,95,27,4,7.224507,0.812500,0.928571,0.866667,((((10*)+(((0?110+1)*)&((1*01?)*)))+(((((1*0)*)&((01*)*))+((0*010+1)*))&(((0*1)*0)+((0*1)*))))&(((1*01?)*)+((01*)*)))+((((000+1)*)+(1*00))&((1*0)*))
17,5,2,129,28,4,7.586611,0.562500,0.750000,0.642857,((((((0?1)*+00)+(0(01*)?))&((1?01*)*))+(((01*0)+(((0*1)*)&((00+1)*)))&((1*0)*1?)))&((((0+1)*(0+1))&((1?01*)*))+(1)))+((((((0*1(00)?)*)&((1?01?)*))&(((0+1)0+1)*))+(((01)*0)+(((1(10*+0))*)&(1(01*)*))))&((0+1)*(0+1)))
13,5,2,109,31,4,8.424087,0.750000,0.600000,0.666667,((((11+0)*)&(1*0*))+((((1?0)*1*)&((0(01*)?)*))+(10*)))+(((((0(01*)*)+(((0(0+1)+1)*)&((101?+0)*)))&((((0+1)(0+1))*)+((0?1)*)))+((0*1)*1))&((((10*1+0)*)&((10?)*(1*0)*))+((0*1)*1)))
9,5,2,95,20,4,5.028445,0.750000,0.750000,0.750000,((((((0+1)10+1)*)+((1*0)*))&(((10?)*)+(((0?10*)*)&(0?1*0*))))&(((1?(1*01+0))*)+(1*)))+(((((0+1)1)*)&(((01+10)1)*))+((((1?0)*)+(0(101)*))&(0((0+1)(0+1))*)))
4,5,2,73,20,4,5.08256,0.937500,0.789474,0.857143,((((0*(11)?)+(1))+(((10)?01*)+((((10)?(11+0))*)&((10*)*))))&((0+1)*(0+1)))+((((1(10)?)*)+(((00+1)*)&((10*)*)))&((0+1)*01*))
15,5,2,86,30,4,8.260693,0.687500,0.687500,0.687500,((((((01?)*)+(01*))&(((0(0+1)+1)*)+(((0+1)0)*)))+(((((11+0)*)&((1*0)*))+((1*0)*1))&(((00+1)(0+1))*)))&((0(0+1)*)+(1(0+1)*)))+((1*01)+(1*0(0+1)1))
8,5,2,150,35,4,9.44771,0.375000,0.666667,0.480000,((((((10*)*)+((1?0(0+1))*))&(((111+0)*)+((01*)*)))+(((0?1(0+1))+((10?)*))&(((1*01*)&(0?1*0?))+(((1(0+1))*1)&((1(10)?)*)))))&(((01)?10*)*))+((((((0(0+1))*)+((10*)*))&(((1?0)*)+(((1*01?)*)&(1(10*)*))))+(((01*0)*)&((11+0)*)))&((((0+1)1+0)*)&((1*0+01)*)))
6,5,2,135,26,4,7.099871,0.812500,0.722222,0.764706,((((((0?(010+1))*)+((1?00)*))&(((0+1)0+1)*))+(0*1))&((((0*10?0?)*)&(((0(0+1))?1)*0*))+(0*(0*1)*)))+((((1*00)+(001*))&((1(11+0)+0)*))+((((0*10*)&((01?)*))+((((1*0+1)0)*)&(((0+1)1+0)*)))&((((10)?0)*)+(((0+1)0+1)*))))
20,5,2,99,24,4,6.437844,0.937500,0.937500,0.937500,((((((01)?1)*)+(010))+(((01)*1)+(10*1)))&(((1?(11+0))*)+((10*1)&((00+1)*))))+(((((10?)*)+(((0+1)1)*))&(((0+1)1+0)*))+(((((0*1)*0)&((10*)*))+(((01)*1)*))&(((0+1)1+0)*)))
14,5,2,177,36,4,10.022698,0.750000,0.857143,0.800000,((((((10*)*0)+((10?)*0*))&(((0*1)*0)+(((0(0+1)+1)*)&((1*01?)*))))+((((1?0)*)+(1*0*1))&(((0+1)1+0)*)))&(((((((0+1)1+0)*)&((1*0)*))+((10?)*))&(((11+0)1?)*))+((10*)*1)))+((((1)+(((10?1+0)*)&((0*1)*)))+((((1?01?)*)&((1*0+01)*))&((01*)*)))&(((((0+1)0+1)*)&((0?(01)?1)*))+(((0((0+1)1)*)*)&(((0+1)(0+1)0?)*))))
2,5,2,138,30,4,7.812812,0.875000,0.777778,0.823529,((((((1(0+1))*)+(((0(0+1)+1)*)&((1*01?)*)))&(((1(0+1))*)+(((0?10*)*)&(0*1*0*))))+(((((11+0)0)*)+((0?1)*+0))&(((0*1)*0)+((1(10)?)*))))&((1*01*)*))+(((((((0*1)*)&(0*(0?1)*))+(010*))&(((0+1)1?(0+1))*))+(1110*))&(((0+1)0?(0+1))*))
7,5,2,104,24,4,6.271843,0.875000,0.933333,0.903226,((((((1*0(0+1))*)+((11+0)*))&(((0+1)0+1)*))+(01))&(((((0+1)1+0)*)&((0(0+1)+1)*))+((00+1)*)))+((((((11+0)*)+((1((0+1)0)?)*))&((0?10?)*))+(0))&((((1*01?)*)&(((1*0)?01*)*))+((110)*)))
19,5,2,121,31,4,8.65679,0.937500,0.937500,0.937500,((((((1*0*)&((1*0)*))+((0+1)10*))&(((10*)*)+(((1?0)*)&(010*))))+((((11)*)+((1?01)*))&((10?)*)))&(((0+1)*(0+1))&((0?(0+1)0+1)*)))+(((((1*0*1?)&((1*01?)*))&(((000+1)0*)*))+((001*)&((0*1)*)))&((0+1)*(0+1)))
18,5,2,87,21,4,5.53901,1.000000,0.888889,0.941177,((((1(10*)*)&((1*01*)+((01?0+1)*)))+(((0(01*)*)&((0*10*)*))+((00+1)*0)))&((((01)?10?)*)+(((1*0)*)&((0*10*)*))))+((0000)+(010))
1,5,2,148,35,4,9.050255,0.625000,0.833333,0.714286,(((((0+1)(00+1))*)+(((11?0*)+((0(01)?)*))&((1(0*+1)0)+((01?)*))))&(((((01)?10*)*)&(1*0*1*))+(((0(01)?)*)&(0*10?))))+((((0)+((0(0+1))*))+((((011+10*)*)&(((0+1)1(0*+1))*))&((((1*0)*)&(1*0(10*)*))+(11(0*10*)*))))&(((101?+0)*)+((1*0)*)))
16,5,2,107,34,4,8.656528,0.437500,0.777778,0.560000,(((((0*1*)+((0?10?)*))&(((0+1)*1)+(101*0)))+(((1?0)*)&(0(0+1)*)))&((((000+1)*)+((0?10+1)*))+(((0*)+((00+1)*))&((1?01?)*))))+((((1?0)*0)+(((01?)*)&((0+1)*1)))&(((0+1)(00+1))*))
3,5,2,146,33,4,9.040149,0.687500,0.916667,0.785714,(((((((0+1)1*0)*)+(1*0*))&(((1?01?)*)+((00+1)*)))+((1(1?0)*)+((0110+1)*)))&(((((((00+1)0?)*)&((10?1+0)*))+(1(11+0)*))&(((10?1+0)*)+((1(0*10*)*)&((1*0)*))))+(((10?)*0)&(((0+1)(0+1))*))))+(((10*)+((((0+1)1+10)*)&((0?1)*)))&(((0+1)(0+1))*))
11,5,2,139,35,4,9.67895,0.062500,0.500000,0.111111,((((((010+1)*)+(((000+1)0?)*))&(((01)*+1)+(((00)*(0?1)*)&((1*01?)*))))+((((10?)*)+(0*11))&((1*01*)*)))&(((((01)*+1)+(((0+1)1+0)*))&(((01)*+1)+((1*01?)*)))+(((1?0(11)?)*)&(((0+1)0+1)*))))+(((10*)+(0(01)?))+((((01)?1)*)&(01*)))
